"Nature","Strength","Type","Node"
"P",0.48674208616016,"DA","AXIN2,AXIN2"
"N",0.260768500799472,"NF","AXIN2,TWIST1"
"N",0.572853399402529,"NF","AXIN2,TCFLEF"
"P",0.184766611265565,"TS","AXIN2,CD44"
"P",0.406785491553912,"DA","AXIN2,RAS"
"N",0.360069826899338,"NF","AXIN2,Destcompl"
"N",0.179920276511816,"NF","AXIN2,SRC"
"P",0.335656130332633,"TS","AXIN2,AKT"
"N",0.156050609615827,"NF","AXIN2,ILK"
"N",0.291209355848744,"NF","AXIN2,DSH"
"N",0.276443606369807,"NF","AXIN2,GLI"
"P",0.141241539508991,"DA","AXIN2,cfos"
"P",0.289804095967889,"DA","AXIN2,CDC42"
"P",0.325261219292727,"TS","AXIN2,GSK3"
"N",0.31910916458068,"NF","AXIN2,SNAI1"
"P",0.114282293512117,"DA","AXIN2,SMAD"
"P",0.296652453759643,"DA","AXIN2,PAK1"
"P",0.29706912042631,"DA","AXIN2,LIV1"
"P",0.13706912042631,"DA","AXIN2,EGR1"
"N",0.287976606222005,"NF","AXIN2,cateninnuc"
"P",0.293808444936569,"DA","AXIN2,SUFU"
"P",0.294312858555737,"DA","AXIN2,FUS"
"P",0.148327871047609,"TS","AXIN2,ZEB2"
"P",0.273401885470851,"DA","AXIN2,SMO"
"P",0.294637006772036,"TS","AXIN2,TGF"
"P",0.249017649017649,"DA","AXIN2,Patched"
"N",0.355493760961299,"NF","AXIN2,RKIP"
"P",0.311502302974566,"DA","AXIN2,cateninmemb"
"P",0.0729696667143629,"DA","AXIN2,Ecadherin"
"N",0.374909014006924,"NF","AXIN2,Csn"
"P",0.151836791044345,"DA","AXIN2,KLF4"
"P",0.102785487061471,"DA","AXIN2,HEY1"
"P",0.374291488734584,"DA","AXIN2,SNAI2"
"P",0.302401337433884,"DA","AXIN2,SOSGRB2"
"N",0.306109027169882,"NF","AXIN2,FOXC2"
"P",0.249668737060042,"TS","AXIN2,IKK"
"P",0.361677227904616,"DA","AXIN2,RAF"
"P",0.166511409529715,"DA","AXIN2,MEK"
"P",0.266905863177834,"TS","AXIN2,NFB"
"P",0.17151281126787,"DA","AXIN2,ERK"
"P",0.299159733722842,"DA","AXIN2,TGFR"
"P",0.242221821893953,"TS","AXIN2,SHH"
"N",0.287610507642585,"NF","AXIN2,Wnt"
"N",0.207283165432458,"NF","AXIN2,Csl"
"N",0.29706912042631,"NF","AXIN2,TrCP"
"N",0.184201626810322,"NF","AXIN2,Jagged"
"N",0.251185633235806,"NF","AXIN2,DELTA"
"N",0.199639941047587,"NF","AXIN2,NOTCHic"
"N",0.31248013844341,"NF","AXIN2,miR200"
"N",0.216358543417367,"NF","AXIN2,STAT"
"N",0.207823124230771,"NF","AXIN2,NOTCH"
"N",0.279591261451726,"NF","AXIN2,Frizzled"
"P",0.357661823711997,"DA","AXIN2,PI3K"
"P",0.187971258003335,"DA","AXIN2,cMet"
"P",0.178767653985555,"DA","AXIN2,ZEB1"
"P",0.024508099960045,"DA","TWIST1,TWIST1"
"P",0.147041696158331,"DA","TWIST1,TCFLEF"
"N",0.185224113662976,"NF","TWIST1,CD44"
"N",0.131331685273823,"NF","TWIST1,RAS"
"N",0.20110216451353,"NF","TWIST1,Destcompl"
"N",0.136434255399772,"NF","TWIST1,SRC"
"P",0.163638879269506,"TS","TWIST1,AKT"
"P",0.221204970741678,"TS","TWIST1,ILK"
"P",0.0155208892067465,"TS","TWIST1,DSH"
"P",0.147013217192164,"DA","TWIST1,GLI"
"N",0.249369094673442,"NF","TWIST1,cfos"
"N",0.125235706821914,"NF","TWIST1,CDC42"
"P",0.0849030069916241,"TS","TWIST1,GSK3"
"N",0.236686836785685,"NF","TWIST1,SNAI1"
"N",0.209874805010791,"NF","TWIST1,SMAD"
"N",0.13140137398833,"NF","TWIST1,PAK1"
"N",0.0938256164125729,"NF","TWIST1,LIV1"
"N",0.273825616412573,"NF","TWIST1,EGR1"
"N",0.0457371036222192,"NF","TWIST1,cateninnuc"
"P",0.0701377410322542,"DA","TWIST1,SUFU"
"P",0.134146904835233,"DA","TWIST1,FUS"
"N",0.17200725973281,"NF","TWIST1,ZEB2"
"P",0.132764705882353,"DA","TWIST1,SMO"
"N",0.240583125854412,"NF","TWIST1,TGF"
"P",0.105931506849315,"DA","TWIST1,Patched"
"N",0.281085828566647,"NF","TWIST1,RKIP"
"N",0.118673151728177,"NF","TWIST1,cateninmemb"
"P",0.0886243843014489,"TS","TWIST1,Ecadherin"
"N",0.158326320710612,"NF","TWIST1,Csn"
"N",0.114295347991187,"NF","TWIST1,KLF4"
"P",0.152337940188389,"TS","TWIST1,HEY1"
"N",0.36167433411658,"NF","TWIST1,SNAI2"
"N",0.110292671478026,"NF","TWIST1,SOSGRB2"
"N",0.0652556758258404,"NF","TWIST1,FOXC2"
"P",0.185221575809811,"TS","TWIST1,IKK"
"N",0.219084910802178,"NF","TWIST1,RAF"
"N",0.331224201100935,"NF","TWIST1,MEK"
"P",0.20363427422251,"TS","TWIST1,NFB"
"N",0.333102465810673,"NF","TWIST1,ERK"
"N",0.244326671116615,"NF","TWIST1,TGFR"
"P",0.0874312331766276,"TS","TWIST1,SHH"
"P",0.0540299277605779,"DA","TWIST1,Wnt"
"N",0.142711077177139,"NF","TWIST1,Csl"
"P",0.0938256164125729,"NF","TWIST1,TrCP"
"N",0.167475798765178,"NF","TWIST1,Jagged"
"P",0.127670175210972,"TS","TWIST1,DELTA"
"N",0.119859887734528,"NF","TWIST1,NOTCHic"
"N",0.240569541290254,"NF","TWIST1,miR200"
"N",0.0310928951108861,"NF","TWIST1,STAT"
"N",0.110425925470377,"NF","TWIST1,NOTCH"
"P",0.0453081232492997,"DA","TWIST1,Frizzled"
"N",0.137633722711227,"NF","TWIST1,PI3K"
"N",0.195106339194315,"NF","TWIST1,cMet"
"P",0.22942775659033,"DA","TWIST1,ZEB1"
"P",0.100535247889848,"TS","TCFLEF,TCFLEF"
"N",0.0901548699947121,"NF","TCFLEF,CD44"
"N",0.215773225080054,"NF","TCFLEF,RAS"
"N",0.328947484027604,"NF","TCFLEF,Destcompl"
"N",0.058755831000933,"NF","TCFLEF,SRC"
"N",0.149575515465102,"NF","TCFLEF,AKT"
"P",0.135240404968598,"TS","TCFLEF,ILK"
"P",0.119618675633376,"TS","TCFLEF,DSH"
"P",0.121081034208905,"DA","TCFLEF,GLI"
"N",0.18192409403228,"NF","TCFLEF,cfos"
"N",0.140262258042594,"NF","TCFLEF,CDC42"
"P",0.229217752951488,"TS","TCFLEF,GSK3"
"N",0.0986394152726201,"NF","TCFLEF,SNAI1"
"N",0.0909819826178262,"NF","TCFLEF,SMAD"
"N",0.146971991031397,"NF","TCFLEF,PAK1"
"N",0.134151478210884,"NF","TCFLEF,LIV1"
"N",0.181770525829932,"NF","TCFLEF,EGR1"
"P",0.0848761120215335,"TS","TCFLEF,cateninnuc"
"P",0.0824646810321146,"TS","TCFLEF,SUFU"
"P",0.0621929419016798,"TS","TCFLEF,FUS"
"P",0.0891212639116643,"TS","TCFLEF,ZEB2"
"P",0.038383418092156,"TS","TCFLEF,SMO"
"N",0.144175010941706,"NF","TCFLEF,TGF"
"N",0.0426984126984127,"NF","TCFLEF,Patched"
"P",0.149903484662658,"TS","TCFLEF,RKIP"
"N",0.122481838241968,"NF","TCFLEF,cateninmemb"
"N",0.142751996527889,"NF","TCFLEF,Ecadherin"
"P",0.19825137457291,"TS","TCFLEF,Csn"
"N",0.134629134347284,"NF","TCFLEF,KLF4"
"P",0.144783338010081,"TS","TCFLEF,HEY1"
"N",0.278125869689529,"NF","TCFLEF,SNAI2"
"N",0.185621109027952,"NF","TCFLEF,SOSGRB2"
"N",0.213891391244673,"NF","TCFLEF,FOXC2"
"N",0.0960325811118594,"NF","TCFLEF,IKK"
"N",0.171580265523454,"NF","TCFLEF,RAF"
"N",0.196873443738157,"NF","TCFLEF,MEK"
"N",0.0887098643567212,"NF","TCFLEF,NFB"
"N",0.202631732183647,"NF","TCFLEF,ERK"
"N",0.146052446855392,"NF","TCFLEF,TGFR"
"P",0.0599444931346772,"DA","TCFLEF,SHH"
"P",0.126955114029417,"DA","TCFLEF,Wnt"
"P",0.167916069455742,"TS","TCFLEF,Csl"
"P",0.181770525829932,"TS","TCFLEF,TrCP"
"P",0.0596068106277968,"TS","TCFLEF,Jagged"
"P",0.103910041011124,"TS","TCFLEF,DELTA"
"P",0.163359865294688,"TS","TCFLEF,NOTCHic"
"P",0.116372169228611,"TS","TCFLEF,miR200"
"N",0.044777707396004,"NF","TCFLEF,STAT"
"P",0.170080320918798,"TS","TCFLEF,NOTCH"
"P",0.120094866109567,"DA","TCFLEF,Frizzled"
"N",0.175154290088829,"NF","TCFLEF,PI3K"
"N",0.069525939177102,"NF","TCFLEF,cMet"
"N",0.100782577331114,"NF","TCFLEF,ZEB1"
"P",0.0933333333333334,"TS","CD44,CD44"
"N",0.233876273913821,"NF","CD44,RAS"
"N",0.275478185053567,"NF","CD44,Destcompl"
"N",0.221967213114754,"NF","CD44,SRC"
"N",0.100521638355095,"NF","CD44,AKT"
"P",0.190973615756225,"TS","CD44,ILK"
"P",0.0828399641487826,"NF","CD44,DSH"
"N",0.119648570679255,"NF","CD44,GLI"
"N",0.217107107107107,"NF","CD44,cfos"
"P",0.18044044044044,"DA","CD44,CDC42"
"N",0.219863773672592,"NF","CD44,GSK3"
"N",0.153901611118912,"NF","CD44,SNAI1"
"N",0.154362739035008,"NF","CD44,SMAD"
"P",0.203410737470143,"DA","CD44,PAK1"
"N",0.17007740413681,"NF","CD44,LIV1"
"N",0.27007740413681,"NF","CD44,EGR1"
"P",0.0599383045894674,"TS","CD44,cateninnuc"
"N",0.115526275235013,"NF","CD44,SUFU"
"N",0.101240560949299,"NF","CD44,FUS"
"P",0.0945446950710109,"TS","CD44,ZEB2"
"P",0.155555555555556,"DA","CD44,SMO"
"P",0.188784067085953,"TS","CD44,TGF"
"N",0.126666666666667,"NF","CD44,Patched"
"P",0.0929149797570851,"TS","CD44,RKIP"
"P",0.0723769643192114,"DA","CD44,cateninmemb"
"P",0.104215744008173,"TS","CD44,Ecadherin"
"P",0.110595300743203,"NF","CD44,Csn"
"N",0.180892204539382,"NF","CD44,KLF4"
"P",0.174041745057344,"TS","CD44,HEY1"
"N",0.253920991422127,"NF","CD44,SNAI2"
"P",0.181884057971015,"DA","CD44,SOSGRB2"
"P",0.177638236285414,"DA","CD44,FOXC2"
"P",0.0282905982905983,"NF","CD44,IKK"
"N",0.204819741661847,"NF","CD44,RAF"
"N",0.246947613789719,"NF","CD44,MEK"
"P",0.0322454005504853,"NF","CD44,NFB"
"N",0.27992471302636,"NF","CD44,ERK"
"P",0.188199271764316,"DA","CD44,TGFR"
"N",0.178181818181818,"NF","CD44,SHH"
"P",0.0697368421052632,"NF","CD44,Wnt"
"P",0.00557252271537986,"NF","CD44,Csl"
"P",0.17007740413681,"TS","CD44,TrCP"
"N",0.161212121212121,"NF","CD44,Jagged"
"P",0.140879120879121,"TS","CD44,DELTA"
"P",0.0202664002664003,"TS","CD44,NOTCHic"
"N",0.175429554425336,"NF","CD44,miR200"
"P",0.108560883560884,"DA","CD44,STAT"
"P",0.0182999456683667,"TS","CD44,NOTCH"
"P",0.17687969924812,"DA","CD44,Frizzled"
"N",0.202878377660987,"NF","CD44,PI3K"
"N",0.135038759689923,"NF","CD44,cMet"
"N",0.086528903306163,"NF","CD44,ZEB1"
"P",0.160769230769231,"TS","RAS,RAS"
"N",0.290216447889739,"NF","RAS,Destcompl"
"N",0.271911859521371,"NF","RAS,SRC"
"N",0.0895720675502818,"NF","RAS,AKT"
"P",0.136719444938623,"DA","RAS,ILK"
"N",0.150434309277341,"NF","RAS,DSH"
"P",0.201509348634417,"DA","RAS,GLI"
"N",0.141532228067379,"NF","RAS,cfos"
"N",0.146532228067379,"NF","RAS,CDC42"
"N",0.0723672995277046,"NF","RAS,GSK3"
"P",0.0838367854772153,"TS","RAS,SNAI1"
"N",0.248070743019007,"NF","RAS,SMAD"
"N",0.184259500794651,"NF","RAS,PAK1"
"P",0.0842595007946514,"NF","RAS,LIV1"
"P",0.104259500794651,"TS","RAS,EGR1"
"P",0.200354191255761,"DA","RAS,cateninnuc"
"N",0.174395976923067,"NF","RAS,SUFU"
"N",0.169649141480029,"NF","RAS,FUS"
"P",0.129396414530523,"TS","RAS,ZEB2"
"N",0.158732110912344,"NF","RAS,SMO"
"P",0.0712492026513575,"TS","RAS,TGF"
"N",0.173057692307692,"NF","RAS,Patched"
"P",0.223221225315565,"DA","RAS,RKIP"
"P",0.0502370658316456,"TS","RAS,cateninmemb"
"P",0.0355960232476491,"DA","RAS,Ecadherin"
"P",0.181002369996263,"DA","RAS,Csn"
"P",0.074902499461323,"DA","RAS,KLF4"
"P",0.112042533340487,"DA","RAS,HEY1"
"N",0.195172202840424,"NF","RAS,SNAI2"
"N",0.169704118856661,"NF","RAS,SOSGRB2"
"N",0.0457755153343388,"NF","RAS,FOXC2"
"N",0.12605284459327,"NF","RAS,IKK"
"N",0.116060606060606,"NF","RAS,RAF"
"N",0.170810735532098,"NF","RAS,MEK"
"N",0.139087670463917,"NF","RAS,NFB"
"N",0.176000666289879,"NF","RAS,ERK"
"P",0.0626567644601701,"DA","RAS,TGFR"
"N",0.202612777053455,"NF","RAS,SHH"
"N",0.195800329701258,"NF","RAS,Wnt"
"P",0.0932857597175438,"DA","RAS,Csl"
"P",0.184259500794651,"DA","RAS,TrCP"
"N",0.177146031575363,"NF","RAS,Jagged"
"P",0.0503962703962703,"DA","RAS,DELTA"
"P",0.0669699702438596,"DA","RAS,NOTCHic"
"P",0.158213201401395,"DA","RAS,miR200"
"N",0.108895272397319,"NF","RAS,STAT"
"P",0.0608169820479306,"DA","RAS,NOTCH"
"N",0.200154197232523,"NF","RAS,Frizzled"
"N",0.0519642001833782,"NF","RAS,PI3K"
"N",0.271893134612335,"NF","RAS,cMet"
"N",0.126347358639232,"NF","RAS,ZEB1"
"P",0.03110726744776,"DA","Destcompl,Destcompl"
"N",0.214886481065754,"NF","Destcompl,SRC"
"N",0.287833730741654,"NF","Destcompl,AKT"
"P",0.160021057108691,"DA","Destcompl,ILK"
"P",0.239923988118514,"DA","Destcompl,DSH"
"N",0.186973078203887,"NF","Destcompl,GLI"
"P",0.145009332711888,"DA","Destcompl,cfos"
"P",0.236718969544678,"DA","Destcompl,CDC42"
"N",0.262570693362176,"NF","Destcompl,GSK3"
"N",0.255541165383707,"NF","Destcompl,SNAI1"
"P",0.123947382604566,"DA","Destcompl,SMAD"
"P",0.239088686941618,"DA","Destcompl,PAK1"
"P",0.189451498733001,"DA","Destcompl,LIV1"
"P",0.14834038762189,"DA","Destcompl,EGR1"
"N",0.27005620785014,"NF","Destcompl,cateninnuc"
"P",0.258482923384781,"DA","Destcompl,SUFU"
"P",0.236418357581558,"DA","Destcompl,FUS"
"P",0.0802887189035244,"TS","Destcompl,ZEB2"
"P",0.242111788238492,"DA","Destcompl,SMO"
"P",0.180155299907621,"TS","Destcompl,TGF"
"P",0.249108615165431,"DA","Destcompl,Patched"
"P",0.283381382719732,"DA","Destcompl,RKIP"
"P",0.294280116995196,"DA","Destcompl,cateninmemb"
"P",0.0754581273920388,"DA","Destcompl,Ecadherin"
"P",0.287753018747533,"DA","Destcompl,Csn"
"P",0.112181660822179,"DA","Destcompl,KLF4"
"P",0.0998527785545987,"DA","Destcompl,HEY1"
"P",0.325462546306593,"DA","Destcompl,SNAI2"
"N",0.259298302648657,"NF","Destcompl,SOSGRB2"
"N",0.244479126682765,"NF","Destcompl,FOXC2"
"P",0.314841387381344,"TS","Destcompl,IKK"
"N",0.264601477885278,"NF","Destcompl,RAF"
"N",0.157305875899399,"NF","Destcompl,MEK"
"P",0.302273670162464,"TS","Destcompl,NFB"
"N",0.152649303467792,"NF","Destcompl,ERK"
"P",0.184075330099899,"DA","Destcompl,TGFR"
"P",0.240572470459074,"TS","Destcompl,SHH"
"P",0.266395010648025,"TS","Destcompl,Wnt"
"N",0.136464770540713,"NF","Destcompl,Csl"
"N",0.295007054288557,"NF","Destcompl,TrCP"
"N",0.138108548439309,"NF","Destcompl,Jagged"
"N",0.164486985379546,"NF","Destcompl,DELTA"
"N",0.149315497827891,"NF","Destcompl,NOTCHic"
"N",0.263663894679808,"NF","Destcompl,miR200"
"N",0.15043352883875,"NF","Destcompl,STAT"
"N",0.152722311455146,"NF","Destcompl,NOTCH"
"P",0.261426131797275,"TS","Destcompl,Frizzled"
"N",0.283750427730622,"NF","Destcompl,PI3K"
"N",0.289233731644935,"NF","Destcompl,cMet"
"P",0.144048636455663,"DA","Destcompl,ZEB1"
"P",0.1,"TS","SRC,SRC"
"N",0.154050538833148,"NF","SRC,AKT"
"N",0.0941520467836258,"NF","SRC,ILK"
"P",0.0697368421052632,"NF","SRC,DSH"
"N",0.085193019566367,"NF","SRC,GLI"
"N",0.0993939393939394,"NF","SRC,cfos"
"P",0.148888888888889,"TS","SRC,CDC42"
"N",0.172897015265436,"NF","SRC,GSK3"
"P",0.0724676796205641,"TS","SRC,SNAI1"
"P",0.0252674478990268,"TS","SRC,SMAD"
"P",0.145185185185185,"TS","SRC,PAK1"
"N",0.256296296296296,"NF","SRC,LIV1"
"N",0.122962962962963,"NF","SRC,EGR1"
"P",0.041289870414167,"DA","SRC,cateninnuc"
"P",0.0388888888888888,"TS","SRC,SUFU"
"P",0.0333333333333334,"DA","SRC,FUS"
"N",0.0818403713686733,"NF","SRC,ZEB2"
"N",0.0533333333333333,"NF","SRC,SMO"
"P",0.195468975468976,"DA","SRC,TGF"
"P",0.0144444444444444,"NF","SRC,Patched"
"P",0.217790811339198,"DA","SRC,RKIP"
"N",0.112600032024171,"NF","SRC,cateninmemb"
"P",0.0649935301816287,"DA","SRC,Ecadherin"
"P",0.199425287356322,"DA","SRC,Csn"
"N",0.0977618179054567,"NF","SRC,KLF4"
"P",0.0485844188718188,"DA","SRC,HEY1"
"P",0.0514431822076482,"TS","SRC,SNAI2"
"P",0.345714285714286,"TS","SRC,SOSGRB2"
"P",0.142226890756303,"TS","SRC,FOXC2"
"P",0.10042735042735,"TS","SRC,IKK"
"N",0.244639132248644,"NF","SRC,RAF"
"N",0.148088632100549,"NF","SRC,MEK"
"N",0.135470085470085,"NF","SRC,NFB"
"N",0.126753363595469,"NF","SRC,ERK"
"P",0.163650793650794,"TS","SRC,TGFR"
"P",0.111503267973856,"DA","SRC,SHH"
"N",0.14,"NF","SRC,Wnt"
"P",0.129277389277389,"DA","SRC,Csl"
"P",0.156296296296296,"DA","SRC,TrCP"
"P",0.0272159491884263,"NF","SRC,Jagged"
"P",0.111305798915311,"NF","SRC,DELTA"
"P",0.0894505494505494,"DA","SRC,NOTCHic"
"N",0.110783194261455,"NF","SRC,miR200"
"N",0.117857142857143,"NF","SRC,STAT"
"P",0.09,"DA","SRC,NOTCH"
"N",0.125,"NF","SRC,Frizzled"
"N",0.2001946878042,"NF","SRC,PI3K"
"N",0.14,"NF","SRC,cMet"
"P",0.0742481262154525,"DA","SRC,ZEB1"
"P",0.0629553453082866,"DA","AKT,AKT"
"N",0.153477735709668,"NF","AKT,ILK"
"P",0.123357279693487,"DA","AKT,DSH"
"P",0.0862611797796776,"TS","AKT,GLI"
"P",0.0490527790063394,"TS","AKT,cfos"
"N",0.0510051599587204,"NF","AKT,CDC42"
"N",0.0560863337935085,"NF","AKT,GSK3"
"P",0.0236910664342014,"TS","AKT,SNAI1"
"N",0.122911021378248,"NF","AKT,SMAD"
"N",0.0531533081068685,"NF","AKT,PAK1"
"N",0.122270955165692,"NF","AKT,LIV1"
"P",0.041318574213311,"TS","AKT,EGR1"
"P",0.158202271510599,"TS","AKT,cateninnuc"
"P",0.102473338741795,"DA","AKT,SUFU"
"P",0.101802197802198,"DA","AKT,FUS"
"N",0.155501076271236,"NF","AKT,ZEB2"
"P",0.0748791208791209,"DA","AKT,SMO"
"P",0.0654753168187061,"TS","AKT,TGF"
"P",0.0653235653235654,"DA","AKT,Patched"
"N",0.108448435622349,"NF","AKT,RKIP"
"N",0.028291278028862,"NF","AKT,cateninmemb"
"N",0.118038267158543,"NF","AKT,Ecadherin"
"N",0.1699,"NF","AKT,Csn"
"N",0.0649466615256089,"NF","AKT,KLF4"
"P",0.0395866081980925,"TS","AKT,HEY1"
"P",0.101584746845478,"DA","AKT,SNAI2"
"P",0.0330038236617184,"DA","AKT,SOSGRB2"
"P",0.0481749903213318,"DA","AKT,FOXC2"
"P",0.163028704205175,"DA","AKT,IKK"
"P",0.153494336713515,"DA","AKT,RAF"
"N",0.118373509376586,"NF","AKT,MEK"
"P",0.136874858051328,"DA","AKT,NFB"
"N",0.10885080585783,"NF","AKT,ERK"
"P",0.0558708764336854,"DA","AKT,TGFR"
"P",0.134646873594242,"TS","AKT,SHH"
"P",0.0934736157562245,"TS","AKT,Wnt"
"N",0.0357980520771219,"NF","AKT,Csl"
"N",0.188937621832359,"NF","AKT,TrCP"
"P",0.061187018318423,"DA","AKT,Jagged"
"P",0.0680325762517543,"DA","AKT,DELTA"
"N",0.0463756964882246,"NF","AKT,NOTCHic"
"N",0.0732978193874868,"NF","AKT,miR200"
"N",0.103247242399785,"NF","AKT,STAT"
"N",0.0406184644973,"NF","AKT,NOTCH"
"P",0.113762077294686,"TS","AKT,Frizzled"
"N",0.176277925673574,"NF","AKT,PI3K"
"P",0.0855569490895578,"DA","AKT,cMet"
"P",0.171972818097074,"DA","AKT,ZEB1"
"P",0.0508203281312524,"TS","ILK,ILK"
"N",0.133491975917536,"NF","ILK,DSH"
"P",0.0751172572397488,"TS","ILK,GLI"
"P",0.0608465608465608,"TS","ILK,cfos"
"N",0.0726812947401183,"NF","ILK,CDC42"
"P",0.064244514783282,"TS","ILK,GSK3"
"P",0.0471843763218237,"TS","ILK,SNAI1"
"N",0.0772688733928287,"NF","ILK,SMAD"
"N",0.0667989417989418,"NF","ILK,PAK1"
"N",0.141798941798942,"NF","ILK,LIV1"
"P",0.0751322751322751,"TS","ILK,EGR1"
"P",0.0869592992051264,"TS","ILK,cateninnuc"
"P",0.000348182283666155,"NF","ILK,SUFU"
"N",0.0515873015873016,"NF","ILK,FUS"
"N",0.133788713736086,"NF","ILK,ZEB2"
"P",0.05,"NF","ILK,SMO"
"P",0.12251428198774,"TS","ILK,TGF"
"P",0.0423076923076923,"NF","ILK,Patched"
"P",0.0698194830415626,"TS","ILK,RKIP"
"P",0.00819902647270943,"TS","ILK,cateninmemb"
"P",0.0950161829625458,"DA","ILK,Ecadherin"
"N",0.169750258799172,"NF","ILK,Csn"
"N",0.0408245614035088,"NF","ILK,KLF4"
"P",0.0335481787912421,"TS","ILK,HEY1"
"N",0.0676530700835697,"NF","ILK,SNAI2"
"P",0.184528535980149,"DA","ILK,SOSGRB2"
"P",0.0368734030197445,"DA","ILK,FOXC2"
"P",0.22250816993464,"DA","ILK,IKK"
"P",0.1076816209037,"DA","ILK,RAF"
"N",0.0857622241148689,"NF","ILK,MEK"
"P",0.20387101210121,"DA","ILK,NFB"
"N",0.0895732458316434,"NF","ILK,ERK"
"P",0.121740612960727,"DA","ILK,TGFR"
"P",0.0367521367521368,"NF","ILK,SHH"
"N",0.112597547380156,"NF","ILK,Wnt"
"P",0.0407091469681398,"NF","ILK,Csl"
"N",0.241798941798942,"NF","ILK,TrCP"
"P",0.0696491228070175,"DA","ILK,Jagged"
"P",0.0722943722943723,"DA","ILK,DELTA"
"N",0.0568131868131868,"NF","ILK,NOTCHic"
"N",0.0817841112415318,"NF","ILK,miR200"
"N",0.138486312399356,"NF","ILK,STAT"
"N",0.0663830792863051,"NF","ILK,NOTCH"
"N",0.123315444245677,"NF","ILK,Frizzled"
"P",0.0643712030266652,"DA","ILK,PI3K"
"P",0.186389628315094,"DA","ILK,cMet"
"P",0.133560313748168,"DA","ILK,ZEB1"
"P",0.15,"DA","DSH,DSH"
"P",0.222762052189297,"TS","DSH,GLI"
"P",0.13921568627451,"TS","DSH,cfos"
"P",0.16,"TS","DSH,CDC42"
"N",0.105805848837923,"NF","DSH,GSK3"
"P",0.0877524729698643,"TS","DSH,SNAI1"
"P",0.0433931439319111,"TS","DSH,SMAD"
"P",0.12,"TS","DSH,PAK1"
"N",0.16,"NF","DSH,LIV1"
"P",0.0933333333333333,"TS","DSH,EGR1"
"N",0.0865701638985727,"NF","DSH,cateninnuc"
"N",0.125,"NF","DSH,SUFU"
"N",0.109090909090909,"NF","DSH,FUS"
"P",0.0559622619137839,"TS","DSH,ZEB2"
"N",0.144805194805195,"NF","DSH,SMO"
"P",0.159907084785134,"DA","DSH,TGF"
"N",0.241579388353582,"NF","DSH,Patched"
"P",0.113764568764569,"DA","DSH,RKIP"
"P",0.0491722268552468,"TS","DSH,cateninmemb"
"P",0.154896110358202,"DA","DSH,Ecadherin"
"N",0.123333333333334,"NF","DSH,Csn"
"P",0.144815207636453,"DA","DSH,KLF4"
"N",0.135749274987797,"NF","DSH,HEY1"
"N",0.01833825729606,"NF","DSH,SNAI2"
"P",0.109090909090909,"TS","DSH,SOSGRB2"
"P",0.136866128567475,"TS","DSH,FOXC2"
"P",0.0879166666666667,"DA","DSH,IKK"
"N",0.150154197232523,"NF","DSH,RAF"
"P",0.170293380510098,"TS","DSH,MEK"
"N",0.0247222222222223,"NF","DSH,NFB"
"P",0.142549019607843,"TS","DSH,ERK"
"P",0.146666666666667,"TS","DSH,TGFR"
"N",0.243419879151128,"NF","DSH,SHH"
"P",0.27687969924812,"TS","DSH,Wnt"
"N",0.0361172161172161,"NF","DSH,Csl"
"N",0.126666666666667,"NF","DSH,TrCP"
"P",0.0473320586162583,"NF","DSH,Jagged"
"P",0.050154197232523,"NF","DSH,DELTA"
"N",0.0575350140056022,"NF","DSH,NOTCHic"
"N",0.0944415958364129,"NF","DSH,miR200"
"N",0.117857142857143,"NF","DSH,STAT"
"P",0.0326399091104973,"NF","DSH,NOTCH"
"P",0.269736842105263,"TS","DSH,Frizzled"
"N",0.150154197232523,"NF","DSH,PI3K"
"P",0.17687969924812,"DA","DSH,cMet"
"P",0.0944904004419224,"DA","DSH,ZEB1"
"P",0.103773264968307,"DA","GLI,GLI"
"P",0.104203564466722,"DA","GLI,cfos"
"N",0.188374336223701,"NF","GLI,CDC42"
"P",0.261784419502306,"TS","GLI,GSK3"
"P",0.162295404811781,"DA","GLI,SNAI1"
"N",0.0312035759535308,"NF","GLI,SMAD"
"N",0.195237246232111,"NF","GLI,PAK1"
"N",0.170237246232111,"NF","GLI,LIV1"
"P",0.115951531946397,"DA","GLI,EGR1"
"N",0.11532782970952,"NF","GLI,cateninnuc"
"N",0.189317487551688,"NF","GLI,SUFU"
"N",0.203815628815629,"NF","GLI,FUS"
"P",0.0848244325961106,"TS","GLI,ZEB2"
"N",0.195718462823726,"NF","GLI,SMO"
"N",0.172153172264351,"NF","GLI,TGF"
"N",0.173496240601504,"NF","GLI,Patched"
"P",0.14014695334457,"TS","GLI,RKIP"
"N",0.184319448386083,"NF","GLI,cateninmemb"
"N",0.176656631311479,"NF","GLI,Ecadherin"
"N",0.116018881529229,"NF","GLI,Csn"
"N",0.0932370334119473,"NF","GLI,KLF4"
"P",0.0489421510050106,"TS","GLI,HEY1"
"N",0.259523079984656,"NF","GLI,SNAI2"
"N",0.294307301009879,"NF","GLI,SOSGRB2"
"N",0.266285637301109,"NF","GLI,FOXC2"
"P",0.0387870775840701,"TS","GLI,IKK"
"P",0.135658094957014,"DA","GLI,RAF"
"P",0.121005265452779,"DA","GLI,MEK"
"P",0.0330773779738889,"TS","GLI,NFB"
"P",0.130421070157912,"DA","GLI,ERK"
"N",0.180654121030955,"NF","GLI,TGFR"
"N",0.150553853770228,"NF","GLI,SHH"
"P",0.221197942674523,"DA","GLI,Wnt"
"P",0.0167323962652105,"TS","GLI,Csl"
"N",0.0869039128987781,"NF","GLI,TrCP"
"P",0.0338455621654348,"TS","GLI,Jagged"
"N",0.0754016847006034,"NF","GLI,DELTA"
"P",0.0117323962652105,"TS","GLI,NOTCHic"
"P",0.156188262703154,"TS","GLI,miR200"
"P",0.0685752482811306,"DA","GLI,STAT"
"P",0.0216248693834901,"TS","GLI,NOTCH"
"P",0.220105505699733,"DA","GLI,Frizzled"
"P",0.137400941482469,"DA","GLI,PI3K"
"N",0.106012207042891,"NF","GLI,cMet"
"N",0.0732526277989019,"NF","GLI,ZEB1"
"P",0.24,"TS","cfos,cfos"
"P",0.291428571428571,"TS","cfos,CDC42"
"P",0.122075534759358,"TS","cfos,GSK3"
"N",0.149587806731357,"NF","cfos,SNAI1"
"P",0.13073903396484,"TS","cfos,SMAD"
"P",0.310062111801243,"TS","cfos,PAK1"
"P",0.224347826086957,"TS","cfos,LIV1"
"N",0.164347826086957,"NF","cfos,EGR1"
"N",0.125869904711919,"NF","cfos,cateninnuc"
"P",0.117995337995338,"DA","cfos,SUFU"
"P",0.106739926739927,"DA","cfos,FUS"
"N",0.0575565730306396,"NF","cfos,ZEB2"
"P",0.099047619047619,"DA","cfos,SMO"
"N",0.187840590781767,"NF","cfos,TGF"
"P",0.135176651305684,"DA","cfos,Patched"
"P",0.135268065268065,"TS","cfos,RKIP"
"P",0.194025546999602,"TS","cfos,cateninmemb"
"N",0.150928129598994,"NF","cfos,Ecadherin"
"N",0.0375757575757575,"NF","cfos,Csn"
"N",0.105203463203463,"NF","cfos,KLF4"
"P",0.0938567080096315,"TS","cfos,HEY1"
"P",0.284672592328239,"TS","cfos,SNAI2"
"N",0.274206349206349,"NF","cfos,SOSGRB2"
"N",0.215149900314893,"NF","cfos,FOXC2"
"N",0.101190476190476,"NF","cfos,IKK"
"N",0.177995642701525,"NF","cfos,RAF"
"N",0.195358930704139,"NF","cfos,MEK"
"N",0.0811904761904762,"NF","cfos,NFB"
"N",0.182088104883729,"NF","cfos,ERK"
"N",0.184092584402182,"NF","cfos,TGFR"
"P",0.138880355009387,"TS","cfos,SHH"
"P",0.0896296296296296,"DA","cfos,Wnt"
"N",0.117142857142857,"NF","cfos,Csl"
"P",0.124347826086957,"NF","cfos,TrCP"
"P",0.0217013888888889,"NF","cfos,Jagged"
"P",0.0779956427015251,"NF","cfos,DELTA"
"N",0.0946153846153846,"NF","cfos,NOTCHic"
"N",0.0645276292335116,"NF","cfos,miR200"
"P",0.173333333333333,"DA","cfos,STAT"
"P",0.0694871794871795,"DA","cfos,NOTCH"
"P",0.0933333333333333,"DA","cfos,Frizzled"
"N",0.0970432617491441,"NF","cfos,PI3K"
"N",0.246296296296296,"NF","cfos,cMet"
"P",0.0795390291709904,"DA","cfos,ZEB1"
"P",0.342857142857142,"TS","CDC42,CDC42"
"P",0.143812229437229,"TS","CDC42,GSK3"
"N",0.207915115413254,"NF","CDC42,SNAI1"
"P",0.258130263059841,"TS","CDC42,SMAD"
"P",0.251260504201681,"TS","CDC42,PAK1"
"P",0.265546218487395,"TS","CDC42,LIV1"
"P",0.225546218487395,"TS","CDC42,EGR1"
"P",0.088979317038723,"DA","CDC42,cateninnuc"
"N",0.0583333333333333,"NF","CDC42,SUFU"
"N",0.044047619047619,"NF","CDC42,FUS"
"P",0.254673228305189,"TS","CDC42,ZEB2"
"N",0.0523809523809523,"NF","CDC42,SMO"
"P",0.384031066972243,"DA","CDC42,TGF"
"N",0.0685099846390169,"NF","CDC42,Patched"
"N",0.188601398601398,"NF","CDC42,RKIP"
"N",0.138702908853435,"NF","CDC42,cateninmemb"
"P",0.104625099295964,"DA","CDC42,Ecadherin"
"P",0.153855721393035,"DA","CDC42,Csn"
"P",0.0655670995670996,"DA","CDC42,KLF4"
"N",0.0542203443732679,"NF","CDC42,HEY1"
"N",0.212963908854849,"NF","CDC42,SNAI2"
"P",0.181507936507936,"TS","CDC42,SOSGRB2"
"P",0.175513536678529,"TS","CDC42,FOXC2"
"N",0.0361111111111111,"NF","CDC42,IKK"
"P",0.231328976034858,"TS","CDC42,RAF"
"P",0.259037091623679,"TS","CDC42,MEK"
"N",0.0315656565656565,"NF","CDC42,NFB"
"P",0.271139103345524,"TS","CDC42,ERK"
"P",0.38078431372549,"TS","CDC42,TGFR"
"N",0.0722136883427206,"NF","CDC42,SHH"
"P",0.122962962962963,"DA","CDC42,Wnt"
"N",0.190329749103943,"NF","CDC42,Csl"
"P",0.165546218487395,"NF","CDC42,TrCP"
"P",0.221701388888889,"DA","CDC42,Jagged"
"N",0.277995642701525,"NF","CDC42,DELTA"
"N",0.17817094017094,"NF","CDC42,NOTCHic"
"P",0.0522026992615228,"TS","CDC42,miR200"
"P",0.284659090909091,"DA","CDC42,STAT"
"P",0.198376068376068,"DA","CDC42,NOTCH"
"P",0.12,"DA","CDC42,Frizzled"
"P",0.108877995642702,"TS","CDC42,PI3K"
"P",0.169629629629629,"TS","CDC42,cMet"
"N",0.245520704999743,"NF","CDC42,ZEB1"
"P",0.270806898656668,"TS","GSK3,GSK3"
"P",0.11679584789152,"TS","GSK3,SNAI1"
"N",0.0416263724662298,"NF","GSK3,SMAD"
"P",0.146496212121212,"TS","GSK3,PAK1"
"N",0.161496212121212,"NF","GSK3,LIV1"
"P",0.125711898395722,"TS","GSK3,EGR1"
"P",0.228455341357457,"TS","GSK3,cateninnuc"
"N",0.247047893532477,"NF","GSK3,SUFU"
"N",0.239445983874013,"NF","GSK3,FUS"
"N",0.183148939147786,"NF","GSK3,ZEB2"
"N",0.235885729261865,"NF","GSK3,SMO"
"P",0.197247500403436,"DA","GSK3,TGF"
"N",0.22510486083611,"NF","GSK3,Patched"
"N",0.032111262923133,"NF","GSK3,RKIP"
"P",0.1807554057979,"TS","GSK3,cateninmemb"
"N",0.174204778374318,"NF","GSK3,Ecadherin"
"P",0.043229761011711,"TS","GSK3,Csn"
"N",0.108412651528783,"NF","GSK3,KLF4"
"P",0.101076822686355,"TS","GSK3,HEY1"
"N",0.11290813566571,"NF","GSK3,SNAI2"
"P",0.133873620933864,"TS","GSK3,SOSGRB2"
"N",0.0990281657612407,"NF","GSK3,FOXC2"
"P",0.0783328596690666,"DA","GSK3,IKK"
"P",0.0690316300023212,"DA","GSK3,RAF"
"N",0.0593503654447433,"NF","GSK3,MEK"
"P",0.087663488472312,"DA","GSK3,NFB"
"N",0.060102264544735,"NF","GSK3,ERK"
"P",0.20140397962104,"TS","GSK3,TGFR"
"N",0.222735300571813,"NF","GSK3,SHH"
"N",0.127197788866413,"NF","GSK3,Wnt"
"N",0.0685544910508363,"NF","GSK3,Csl"
"N",0.0931628787878788,"NF","GSK3,TrCP"
"P",0.088182241797174,"DA","GSK3,Jagged"
"P",0.0914304778597164,"DA","GSK3,DELTA"
"N",0.063512110750724,"NF","GSK3,NOTCHic"
"N",0.101634365124302,"NF","GSK3,miR200"
"P",0.113128030356264,"TS","GSK3,STAT"
"N",0.0613633504201456,"NF","GSK3,NOTCH"
"N",0.118285132894933,"NF","GSK3,Frizzled"
"P",0.0808094896525213,"DA","GSK3,PI3K"
"N",0.236468996406848,"NF","GSK3,cMet"
"P",0.041825715400043,"DA","GSK3,ZEB1"
"P",0.112692243362078,"TS","SNAI1,SNAI1"
"N",0.141829735962785,"NF","SNAI1,SMAD"
"N",0.21062358435084,"NF","SNAI1,PAK1"
"N",0.105077365863445,"NF","SNAI1,LIV1"
"N",0.169425191950402,"NF","SNAI1,EGR1"
"N",0.169065250505382,"NF","SNAI1,cateninnuc"
"P",0.102340191043803,"DA","SNAI1,SUFU"
"P",0.120343158565922,"DA","SNAI1,FUS"
"N",0.156475922904542,"NF","SNAI1,ZEB2"
"P",0.127820447175286,"DA","SNAI1,SMO"
"N",0.361804262720296,"NF","SNAI1,TGF"
"P",0.121439494794333,"DA","SNAI1,Patched"
"P",0.227154357850389,"TS","SNAI1,RKIP"
"P",0.159441527554372,"TS","SNAI1,cateninmemb"
"N",0.123661125164514,"NF","SNAI1,Ecadherin"
"N",0.110723961922977,"NF","SNAI1,Csn"
"N",0.0625289076929172,"NF","SNAI1,KLF4"
"P",0.0656058038349072,"TS","SNAI1,HEY1"
"P",0.220837296256855,"TS","SNAI1,SNAI2"
"N",0.1690336587547,"NF","SNAI1,SOSGRB2"
"N",0.193947680443228,"NF","SNAI1,FOXC2"
"N",0.138223740011607,"NF","SNAI1,IKK"
"N",0.273533620187581,"NF","SNAI1,RAF"
"N",0.292016051766294,"NF","SNAI1,MEK"
"N",0.139801619260719,"NF","SNAI1,NFB"
"N",0.294576880532279,"NF","SNAI1,ERK"
"N",0.363062707862556,"NF","SNAI1,TGFR"
"P",0.116466115527187,"TS","SNAI1,SHH"
"P",0.09880867480354,"DA","SNAI1,Wnt"
"N",0.0596635892288066,"NF","SNAI1,Csl"
"N",0.0534106991967781,"NF","SNAI1,TrCP"
"N",0.0712726627972252,"NF","SNAI1,Jagged"
"P",0.134259500794651,"TS","SNAI1,DELTA"
"N",0.052983312983313,"NF","SNAI1,NOTCHic"
"N",0.0606849775115755,"NF","SNAI1,miR200"
"N",0.121258580823472,"NF","SNAI1,STAT"
"P",0.0485504971219257,"TS","SNAI1,NOTCH"
"P",0.0985686438318017,"DA","SNAI1,Frizzled"
"N",0.0902900966078559,"NF","SNAI1,PI3K"
"N",0.15310437320303,"NF","SNAI1,cMet"
"P",0.141014643600473,"DA","SNAI1,ZEB1"
"P",0.0886254384884522,"TS","SMAD,SMAD"
"P",0.267344256699095,"TS","SMAD,PAK1"
"P",0.121153780508619,"TS","SMAD,LIV1"
"P",0.126868066222905,"TS","SMAD,EGR1"
"N",0.0377246436688266,"NF","SMAD,cateninnuc"
"N",0.0917839020681158,"NF","SMAD,SUFU"
"N",0.0795148489503329,"NF","SMAD,FUS"
"N",0.116227387538763,"NF","SMAD,ZEB2"
"P",0.0557539682539683,"TS","SMAD,SMO"
"N",0.310786723438075,"NF","SMAD,TGF"
"P",0.0495795107033639,"NF","SMAD,Patched"
"P",0.156846053605108,"TS","SMAD,RKIP"
"P",0.109797434215286,"TS","SMAD,cateninmemb"
"N",0.0904054957160523,"NF","SMAD,Ecadherin"
"N",0.136159856057098,"NF","SMAD,Csn"
"P",0.0463106917931311,"DA","SMAD,KLF4"
"P",0.0350839353374319,"DA","SMAD,HEY1"
"P",0.191478041450846,"TS","SMAD,SNAI2"
"N",0.345844787016897,"NF","SMAD,SOSGRB2"
"P",0.212212705845722,"TS","SMAD,FOXC2"
"P",0.197428435070398,"DA","SMAD,IKK"
"N",0.223173752275291,"NF","SMAD,RAF"
"N",0.135381219318228,"NF","SMAD,MEK"
"P",0.220316400665558,"DA","SMAD,NFB"
"N",0.13608849077018,"NF","SMAD,ERK"
"N",0.308752157077184,"NF","SMAD,TGFR"
"P",0.0566427077293862,"NF","SMAD,SHH"
"P",0.0576255785558111,"DA","SMAD,Wnt"
"N",0.156899623158616,"NF","SMAD,Csl"
"N",0.141153780508619,"NF","SMAD,TrCP"
"N",0.123024577572965,"NF","SMAD,Jagged"
"N",0.19551870545757,"NF","SMAD,DELTA"
"N",0.139658243848271,"NF","SMAD,NOTCHic"
"N",0.0859157291703843,"NF","SMAD,miR200"
"P",0.0624928805438551,"DA","SMAD,STAT"
"N",0.151488779419813,"NF","SMAD,NOTCH"
"P",0.0374602298857896,"DA","SMAD,Frizzled"
"N",0.180433631427958,"NF","SMAD,PI3K"
"N",0.15109001176228,"NF","SMAD,cMet"
"P",0.118180038207505,"DA","SMAD,ZEB1"
"P",0.342857142857142,"TS","PAK1,PAK1"
"P",0.271428571428571,"TS","PAK1,LIV1"
"P",0.291428571428571,"TS","PAK1,EGR1"
"P",0.0901252056328875,"DA","PAK1,cateninnuc"
"N",0.044047619047619,"NF","PAK1,SUFU"
"N",0.0523809523809523,"NF","PAK1,FUS"
"P",0.251025172181249,"TS","PAK1,ZEB2"
"N",0.0685099846390169,"NF","PAK1,SMO"
"P",0.385670411234539,"DA","PAK1,TGF"
"N",0.0722136883427206,"NF","PAK1,Patched"
"N",0.172468801916315,"NF","PAK1,RKIP"
"N",0.137838439988966,"NF","PAK1,cateninmemb"
"P",0.110807336896887,"DA","PAK1,Ecadherin"
"P",0.133333333333333,"DA","PAK1,Csn"
"P",0.0533703782556242,"DA","PAK1,KLF4"
"N",0.051690932608562,"NF","PAK1,HEY1"
"N",0.208563667745747,"NF","PAK1,SNAI2"
"P",0.156557441458431,"TS","PAK1,SOSGRB2"
"P",0.176341122885426,"TS","PAK1,FOXC2"
"N",0.0741228070175439,"NF","PAK1,IKK"
"P",0.219865561400712,"TS","PAK1,RAF"
"P",0.253703758290346,"TS","PAK1,MEK"
"N",0.0361111111111111,"NF","PAK1,NFB"
"P",0.259037091623679,"TS","PAK1,ERK"
"P",0.384031066972243,"TS","PAK1,TGFR"
"P",0.0348803550093873,"NF","PAK1,SHH"
"P",0.16682261208577,"DA","PAK1,Wnt"
"N",0.17817094017094,"NF","PAK1,Csl"
"P",0.204761904761904,"DA","PAK1,TrCP"
"P",0.219860898091343,"DA","PAK1,Jagged"
"N",0.286532228067379,"NF","PAK1,DELTA"
"P",0.198376068376068,"DA","PAK1,NOTCHic"
"P",0.0568408997193709,"NF","PAK1,miR200"
"P",0.250909090909091,"DA","PAK1,STAT"
"P",0.203992673992674,"DA","PAK1,NOTCH"
"P",0.122962962962963,"DA","PAK1,Frizzled"
"P",0.111532228067379,"TS","PAK1,PI3K"
"P",0.18044044044044,"TS","PAK1,cMet"
"N",0.244402293144577,"NF","PAK1,ZEB1"
"P",0.2,"TS","LIV1,LIV1"
"P",0.22,"TS","LIV1,EGR1"
"P",0.120099231606913,"DA","LIV1,cateninnuc"
"P",0.069047619047619,"DA","LIV1,SUFU"
"P",0.019047619047619,"NF","LIV1,FUS"
"P",0.0367394578955349,"NF","LIV1,ZEB2"
"N",0.135176651305684,"NF","LIV1,SMO"
"P",0.165670411234539,"NF","LIV1,TGF"
"N",0.138880355009387,"NF","LIV1,Patched"
"P",0.0391354685829824,"NF","LIV1,RKIP"
"P",0.116747530898057,"NF","LIV1,cateninmemb"
"P",0.197716427805978,"DA","LIV1,Ecadherin"
"P",0.141666666666666,"DA","LIV1,Csn"
"P",0.144279469164715,"DA","LIV1,KLF4"
"N",0.142600023517653,"NF","LIV1,HEY1"
"P",0.242681314804571,"TS","LIV1,SNAI2"
"P",0.142271727172717,"NF","LIV1,SOSGRB2"
"P",0.267250213794517,"TS","LIV1,FOXC2"
"N",0.124122807017544,"NF","LIV1,IKK"
"P",0.0865322280673787,"NF","LIV1,RAF"
"P",0.200370424957013,"TS","LIV1,MEK"
"N",0.0583333333333333,"NF","LIV1,NFB"
"P",0.239037091623679,"TS","LIV1,ERK"
"P",0.264031066972243,"TS","LIV1,TGFR"
"P",0.0348803550093873,"NF","LIV1,SHH"
"P",0.06682261208577,"NF","LIV1,Wnt"
"N",0.0212820512820513,"NF","LIV1,Csl"
"P",0.133333333333333,"DA","LIV1,TrCP"
"P",0.0198608980913429,"NF","LIV1,Jagged"
"P",0.0865322280673787,"NF","LIV1,DELTA"
"P",0.00948717948717949,"NF","LIV1,NOTCHic"
"N",0.156840899719371,"NF","LIV1,miR200"
"N",0.16,"NF","LIV1,STAT"
"P",0.003992673992674,"NF","LIV1,NOTCH"
"N",0.156296296296296,"NF","LIV1,Frizzled"
"P",0.186532228067379,"TS","LIV1,PI3K"
"N",0.167107107107107,"NF","LIV1,cMet"
"P",0.0700727912288682,"DA","LIV1,ZEB1"
"P",0.24,"TS","EGR1,EGR1"
"N",0.119176965467256,"NF","EGR1,cateninnuc"
"P",0.106739926739927,"DA","EGR1,SUFU"
"P",0.099047619047619,"DA","EGR1,FUS"
"N",0.0784061245622016,"NF","EGR1,ZEB2"
"P",0.135176651305684,"DA","EGR1,SMO"
"N",0.232337077901206,"NF","EGR1,TGF"
"P",0.138880355009387,"DA","EGR1,Patched"
"P",0.139135468582982,"TS","EGR1,RKIP"
"P",0.20947480362533,"TS","EGR1,cateninmemb"
"N",0.15044370053325,"NF","EGR1,Ecadherin"
"N",0.0216666666666666,"NF","EGR1,Csn"
"N",0.124279469164715,"NF","EGR1,KLF4"
"P",0.122600023517653,"TS","EGR1,HEY1"
"P",0.302681314804571,"TS","EGR1,SNAI2"
"N",0.280366965267955,"NF","EGR1,SOSGRB2"
"N",0.247250213794517,"NF","EGR1,FOXC2"
"N",0.0741228070175439,"NF","EGR1,IKK"
"N",0.186532228067379,"NF","EGR1,RAF"
"N",0.200370424957013,"NF","EGR1,MEK"
"N",0.101190476190476,"NF","EGR1,NFB"
"N",0.195358930704139,"NF","EGR1,ERK"
"N",0.187840590781767,"NF","EGR1,TGFR"
"P",0.0348803550093873,"NF","EGR1,SHH"
"P",0.06682261208577,"NF","EGR1,Wnt"
"N",0.0946153846153846,"NF","EGR1,Csl"
"P",0.153333333333333,"DA","EGR1,TrCP"
"N",0.119860898091343,"NF","EGR1,Jagged"
"P",0.186532228067379,"TS","EGR1,DELTA"
"P",0.0694871794871795,"DA","EGR1,NOTCHic"
"N",0.0711266140050852,"NF","EGR1,miR200"
"P",0.0933333333333333,"DA","EGR1,STAT"
"P",0.003992673992674,"NF","EGR1,NOTCH"
"P",0.0896296296296296,"DA","EGR1,Frizzled"
"N",0.119865561400712,"NF","EGR1,PI3K"
"N",0.217107107107107,"NF","EGR1,cMet"
"P",0.0700727912288682,"DA","EGR1,ZEB1"
"P",0.261601035919132,"TS","cateninnuc,cateninnuc"
"N",0.0424305804353541,"NF","cateninnuc,SUFU"
"N",0.0291313476987812,"NF","cateninnuc,FUS"
"P",0.0476661750740032,"TS","cateninnuc,ZEB2"
"P",0.0235044173115158,"TS","cateninnuc,SMO"
"P",0.102345748112157,"TS","cateninnuc,TGF"
"P",0.00611311296368975,"TS","cateninnuc,Patched"
"N",0.186598090930507,"NF","cateninnuc,RKIP"
"P",0.0678699245029673,"DA","cateninnuc,cateninmemb"
"P",0.107693761501633,"TS","cateninnuc,Ecadherin"
"N",0.207570317806465,"NF","cateninnuc,Csn"
"N",0.0871450035293957,"NF","cateninnuc,KLF4"
"P",0.0661273656845864,"TS","cateninnuc,HEY1"
"N",0.210740816079414,"NF","cateninnuc,SNAI2"
"N",0.152643979881947,"NF","cateninnuc,SOSGRB2"
"N",0.0660901075020359,"NF","cateninnuc,FOXC2"
"P",0.0884241500710069,"TS","cateninnuc,IKK"
"P",0.169072817174465,"DA","cateninnuc,RAF"
"N",0.157438961044411,"NF","cateninnuc,MEK"
"P",0.0896398363455167,"TS","cateninnuc,NFB"
"N",0.153564725570405,"NF","cateninnuc,ERK"
"P",0.0963948544434551,"DA","cateninnuc,TGFR"
"P",0.0104869251097921,"TS","cateninnuc,SHH"
"N",0.128560339663679,"NF","cateninnuc,Wnt"
"P",0.0632516654110616,"TS","cateninnuc,Csl"
"N",0.165553777061459,"NF","cateninnuc,TrCP"
"N",0.0672519520963365,"NF","cateninnuc,Jagged"
"N",0.0851287901287902,"NF","cateninnuc,DELTA"
"P",0.0611168907225352,"TS","cateninnuc,NOTCHic"
"N",0.0836149903088392,"NF","cateninnuc,miR200"
"P",0.0151975239719588,"TS","cateninnuc,STAT"
"P",0.0417032890570252,"TS","cateninnuc,NOTCH"
"N",0.103084149187488,"NF","cateninnuc,Frizzled"
"P",0.162762526008353,"DA","cateninnuc,PI3K"
"P",0.0550217051813425,"DA","cateninnuc,cMet"
"N",0.0499216888136803,"NF","cateninnuc,ZEB1"
"P",0.346666666666666,"TS","SUFU,SUFU"
"P",0.294166666666666,"TS","SUFU,FUS"
"P",0.0971344398682084,"TS","SUFU,ZEB2"
"P",0.271944444444444,"TS","SUFU,SMO"
"P",0.158410969826681,"DA","SUFU,TGF"
"P",0.179015151515152,"NF","SUFU,Patched"
"N",0.16944362624775,"NF","SUFU,RKIP"
"P",0.153624308806672,"TS","SUFU,cateninmemb"
"P",0.106700811098413,"DA","SUFU,Ecadherin"
"N",0.0428571428571429,"NF","SUFU,Csn"
"P",0.0295150136884701,"NF","SUFU,KLF4"
"P",0.00498084070635145,"NF","SUFU,HEY1"
"P",0.316552517142866,"TS","SUFU,SNAI2"
"P",0.213464605569869,"TS","SUFU,SOSGRB2"
"P",0.165249692640946,"NF","SUFU,FOXC2"
"N",0.151802197802198,"NF","SUFU,IKK"
"N",0.169649141480029,"NF","SUFU,RAF"
"N",0.143453885317422,"NF","SUFU,MEK"
"N",0.112571428571429,"NF","SUFU,NFB"
"N",0.16558154489189,"NF","SUFU,ERK"
"P",0.139397163120567,"TS","SUFU,TGFR"
"P",0.17708464958465,"NF","SUFU,SHH"
"P",0.0895299145299145,"NF","SUFU,Wnt"
"P",0.151363636363636,"TS","SUFU,Csl"
"P",0.119047619047619,"TS","SUFU,TrCP"
"P",0.0568142736462572,"NF","SUFU,Jagged"
"P",0.0696491414800291,"NF","SUFU,DELTA"
"P",0.171818181818181,"TS","SUFU,NOTCHic"
"N",0.147536407250303,"NF","SUFU,miR200"
"P",0.0666666666666667,"TS","SUFU,STAT"
"P",0.136103896103896,"NF","SUFU,NOTCH"
"P",0.0972222222222222,"NF","SUFU,Frizzled"
"P",0.0696491414800291,"NF","SUFU,PI3K"
"N",0.101240560949299,"NF","SUFU,cMet"
"N",0.130467773201541,"NF","SUFU,ZEB1"
"P",0.346666666666666,"TS","FUS,FUS"
"P",0.123773501289879,"TS","FUS,ZEB2"
"P",0.294166666666666,"TS","FUS,SMO"
"P",0.139397163120567,"DA","FUS,TGF"
"P",0.271944444444444,"TS","FUS,Patched"
"N",0.13896743577156,"NF","FUS,RKIP"
"P",0.101577924086344,"TS","FUS,cateninmemb"
"P",0.102169400181833,"DA","FUS,Ecadherin"
"N",0.125396825396825,"NF","FUS,Csn"
"P",0.128916211293261,"DA","FUS,KLF4"
"N",0.111004937091894,"NF","FUS,HEY1"
"P",0.258727863220651,"TS","FUS,SNAI2"
"P",0.175236167341431,"TS","FUS,SOSGRB2"
"P",0.268475499092559,"TS","FUS,FOXC2"
"N",0.112571428571429,"NF","FUS,IKK"
"N",0.12539877757901,"NF","FUS,RAF"
"N",0.16558154489189,"NF","FUS,MEK"
"N",0.128571428571429,"NF","FUS,NFB"
"N",0.175328671328671,"NF","FUS,ERK"
"P",0.155,"TS","FUS,TGFR"
"P",0.179015151515152,"NF","FUS,SHH"
"P",0.0972222222222222,"NF","FUS,Wnt"
"P",0.128671328671329,"TS","FUS,Csl"
"P",0.119047619047619,"TS","FUS,TrCP"
"P",0.0651278128386562,"NF","FUS,Jagged"
"P",0.0587321109123435,"NF","FUS,DELTA"
"P",0.151363636363636,"TS","FUS,NOTCHic"
"N",0.150138637733574,"NF","FUS,miR200"
"P",0.075,"TS","FUS,STAT"
"P",0.171818181818181,"TS","FUS,NOTCH"
"N",0.125,"NF","FUS,Frizzled"
"N",0.108732110912343,"NF","FUS,PI3K"
"P",0.155555555555556,"TS","FUS,cMet"
"N",0.116035406051783,"NF","FUS,ZEB1"
"P",0.0383145560805988,"TS","ZEB2,ZEB2"
"P",0.124790153349475,"TS","ZEB2,SMO"
"N",0.221641719582224,"NF","ZEB2,TGF"
"P",0.103583042973287,"TS","ZEB2,Patched"
"P",0.106971266319654,"TS","ZEB2,RKIP"
"N",0.0159554614324936,"NF","ZEB2,cateninmemb"
"N",0.0316568591139245,"NF","ZEB2,Ecadherin"
"P",0.0990956713537359,"TS","ZEB2,Csn"
"P",0.0860141751283953,"TS","ZEB2,KLF4"
"N",0.0756113264876872,"NF","ZEB2,HEY1"
"P",0.0755443925849515,"TS","ZEB2,SNAI2"
"N",0.177410834779256,"NF","ZEB2,SOSGRB2"
"N",0.200595485697653,"NF","ZEB2,FOXC2"
"P",0.13971052631579,"DA","ZEB2,IKK"
"N",0.0707442968318148,"NF","ZEB2,RAF"
"P",0.0372282934624014,"DA","ZEB2,MEK"
"P",0.144614740875177,"DA","ZEB2,NFB"
"P",0.0292851400151189,"DA","ZEB2,ERK"
"N",0.229721983134185,"NF","ZEB2,TGFR"
"P",0.103734558124802,"DA","ZEB2,SHH"
"N",0.0908958473377412,"NF","ZEB2,Wnt"
"N",0.156896927415785,"NF","ZEB2,Csl"
"N",0.136739457895535,"NF","ZEB2,TrCP"
"N",0.111853971818828,"NF","ZEB2,Jagged"
"N",0.0930161867118389,"NF","ZEB2,DELTA"
"N",0.139659358355011,"NF","ZEB2,NOTCHic"
"N",0.200276834798384,"NF","ZEB2,miR200"
"P",0.0654276492738031,"DA","ZEB2,STAT"
"N",0.123921653436978,"NF","ZEB2,NOTCH"
"N",0.0852345119734355,"NF","ZEB2,Frizzled"
"N",0.107939422182569,"NF","ZEB2,PI3K"
"P",0.10414065466697,"DA","ZEB2,cMet"
"P",0.11509513813417,"DA","ZEB2,ZEB1"
"P",0.346666666666666,"TS","SMO,SMO"
"P",0.155,"DA","SMO,TGF"
"P",0.294166666666666,"TS","SMO,Patched"
"N",0.157936507936508,"NF","SMO,RKIP"
"P",0.125437328183178,"TS","SMO,cateninmemb"
"N",0.070964161462003,"NF","SMO,Ecadherin"
"N",0.116305916305916,"NF","SMO,Csn"
"P",0.130555555555556,"DA","SMO,KLF4"
"N",0.112454212454212,"NF","SMO,HEY1"
"P",0.245928201165524,"TS","SMO,SNAI2"
"P",0.184210526315789,"TS","SMO,SOSGRB2"
"P",0.261896551724138,"TS","SMO,FOXC2"
"N",0.128571428571429,"NF","SMO,IKK"
"N",0.147724358974359,"NF","SMO,RAF"
"N",0.175328671328671,"NF","SMO,MEK"
"N",0.225925925925926,"NF","SMO,NFB"
"N",0.173440941572089,"NF","SMO,ERK"
"P",0.144655172413793,"TS","SMO,TGFR"
"P",0.271944444444444,"DA","SMO,SHH"
"N",0.125,"NF","SMO,Wnt"
"P",0.198190045248869,"TS","SMO,Csl"
"P",0.0351766513056836,"NF","SMO,TrCP"
"P",0.103280423280423,"TS","SMO,Jagged"
"N",0.0943910256410256,"NF","SMO,DELTA"
"P",0.128671328671329,"TS","SMO,NOTCHic"
"P",0.130138637733574,"NF","SMO,miR200"
"P",0.005,"NF","SMO,STAT"
"P",0.151363636363636,"TS","SMO,NOTCH"
"N",0.109090909090909,"NF","SMO,Frizzled"
"N",0.111057692307692,"NF","SMO,PI3K"
"N",0.126666666666667,"NF","SMO,cMet"
"N",0.109649460708783,"NF","SMO,ZEB1"
"P",0.619761904761904,"TS","TGF,TGF"
"P",0.144655172413793,"DA","TGF,Patched"
"N",0.233371363838654,"NF","TGF,RKIP"
"N",0.17157300978054,"NF","TGF,cateninmemb"
"P",0.155250224228963,"TS","TGF,Ecadherin"
"N",0.151530282313419,"NF","TGF,Csn"
"N",0.0293442501140219,"NF","TGF,KLF4"
"P",0.0985778490666918,"TS","TGF,HEY1"
"N",0.0695301036063476,"NF","TGF,SNAI2"
"P",0.249060888719343,"DA","TGF,SOSGRB2"
"P",0.315845920957798,"DA","TGF,FOXC2"
"P",0.0716513708513708,"TS","TGF,IKK"
"N",0.177743658210948,"NF","TGF,RAF"
"N",0.14692726198925,"NF","TGF,MEK"
"P",0.0605302135276819,"TS","TGF,NFB"
"N",0.157214197276185,"NF","TGF,ERK"
"P",0.523700607902735,"DA","TGF,TGFR"
"P",0.140488505747126,"TS","TGF,SHH"
"P",0.115714285714286,"TS","TGF,Wnt"
"N",0.226586230465064,"NF","TGF,Csl"
"P",0.165670411234539,"NF","TGF,TrCP"
"N",0.30030567828506,"NF","TGF,Jagged"
"P",0.20784126984127,"TS","TGF,DELTA"
"N",0.23635947309545,"NF","TGF,NOTCHic"
"P",0.164689869094767,"DA","TGF,miR200"
"P",0.278645869449645,"TS","TGF,STAT"
"N",0.223203312322333,"NF","TGF,NOTCH"
"P",0.146666666666667,"TS","TGF,Frizzled"
"N",0.053769693243151,"NF","TGF,PI3K"
"P",0.200827423167849,"DA","TGF,cMet"
"P",0.219918090000086,"DA","TGF,ZEB1"
"P",0.346666666666666,"TS","Patched,Patched"
"N",0.156380952380952,"NF","Patched,RKIP"
"P",0.161818996415771,"TS","Patched,cateninmemb"
"P",0.065345504054007,"DA","Patched,Ecadherin"
"P",0.0087790345854862,"NF","Patched,Csn"
"P",0.107638888888889,"DA","Patched,KLF4"
"N",0.0764423076923077,"NF","Patched,HEY1"
"P",0.258309153546476,"TS","Patched,SNAI2"
"P",0.202702702702703,"TS","Patched,SOSGRB2"
"P",0.22375,"TS","Patched,FOXC2"
"N",0.225925925925926,"NF","Patched,IKK"
"N",0.182974358974359,"NF","Patched,RAF"
"N",0.173440941572089,"NF","Patched,MEK"
"N",0.219029374201788,"NF","Patched,NFB"
"N",0.153330333226187,"NF","Patched,ERK"
"P",0.140488505747126,"TS","Patched,TGFR"
"P",0.294166666666666,"DA","Patched,SHH"
"N",0.109090909090909,"NF","Patched,Wnt"
"P",0.234749185033815,"TS","Patched,Csl"
"P",0.0388803550093873,"NF","Patched,TrCP"
"P",0.088994708994709,"TS","Patched,Jagged"
"N",0.125641025641026,"NF","Patched,DELTA"
"P",0.198190045248869,"TS","Patched,NOTCHic"
"P",0.127606992163954,"TS","Patched,miR200"
"N",0.116627906976744,"NF","Patched,STAT"
"P",0.128671328671329,"TS","Patched,NOTCH"
"N",0.144805194805195,"NF","Patched,Frizzled"
"N",0.134615384615385,"NF","Patched,PI3K"
"N",0.178181818181818,"NF","Patched,cMet"
"N",0.113836898395722,"NF","Patched,ZEB1"
"P",0.151120448179272,"DA","RKIP,RKIP"
"P",0.181362863525077,"DA","RKIP,cateninmemb"
"N",0.168026972852015,"NF","RKIP,Ecadherin"
"P",0.187239740915098,"DA","RKIP,Csn"
"P",0.0373468530057996,"DA","RKIP,KLF4"
"N",0.0753236697487569,"NF","RKIP,HEY1"
"N",0.235186400706596,"NF","RKIP,SNAI2"
"P",0.202048872180451,"DA","RKIP,SOSGRB2"
"N",0.179620844399169,"NF","RKIP,FOXC2"
"P",0.202517564402811,"TS","RKIP,IKK"
"N",0.198287496816909,"NF","RKIP,RAF"
"P",0.126721555517987,"TS","RKIP,MEK"
"P",0.176235513120759,"TS","RKIP,NFB"
"P",0.16448603130771,"TS","RKIP,ERK"
"N",0.23991341991342,"NF","RKIP,TGFR"
"N",0.165748633879781,"NF","RKIP,SHH"
"P",0.115,"TS","RKIP,Wnt"
"P",0.149887903521832,"DA","RKIP,Csl"
"P",0.139135468582982,"DA","RKIP,TrCP"
"P",0.110158771618873,"DA","RKIP,Jagged"
"P",0.148368298368299,"DA","RKIP,DELTA"
"P",0.175778142315296,"DA","RKIP,NOTCHic"
"N",0.0566775814440138,"NF","RKIP,miR200"
"N",0.147286036036036,"NF","RKIP,STAT"
"P",0.162831230072609,"DA","RKIP,NOTCH"
"P",0.145,"TS","RKIP,Frizzled"
"P",0.123826173826174,"DA","RKIP,PI3K"
"P",0.127387914230019,"DA","RKIP,cMet"
"N",0.107614728141318,"NF","RKIP,ZEB1"
"P",0.136094655472453,"TS","cateninmemb,cateninmemb"
"N",0.0637927657247573,"NF","cateninmemb,Ecadherin"
"P",0.0335366789655893,"NF","cateninmemb,Csn"
"N",0.0698363594114598,"NF","cateninmemb,KLF4"
"P",0.0665742018759385,"TS","cateninmemb,HEY1"
"P",0.323108891923347,"TS","cateninmemb,SNAI2"
"P",0.240736070934681,"TS","cateninmemb,SOSGRB2"
"N",0.116881697625221,"NF","cateninmemb,FOXC2"
"P",0.0797303524119166,"DA","cateninmemb,IKK"
"P",0.16884144163556,"TS","cateninmemb,RAF"
"P",0.243649560259923,"TS","cateninmemb,MEK"
"N",0.0725553693129631,"NF","cateninmemb,NFB"
"P",0.236474568828208,"TS","cateninmemb,ERK"
"N",0.171392177954139,"NF","cateninmemb,TGFR"
"P",0.14672713289871,"DA","cateninmemb,SHH"
"P",0.105201422596685,"DA","cateninmemb,Wnt"
"N",0.0643548792966514,"NF","cateninmemb,Csl"
"N",0.216747530898057,"NF","cateninmemb,TrCP"
"N",0.0648656202931622,"NF","cateninmemb,Jagged"
"N",0.0423767098684248,"NF","cateninmemb,DELTA"
"N",0.0998998208143537,"NF","cateninmemb,NOTCHic"
"P",0.161309848307873,"DA","cateninmemb,miR200"
"N",0.0676522282307256,"NF","cateninmemb,STAT"
"N",0.106016683659992,"NF","cateninmemb,NOTCH"
"P",0.100893814495973,"DA","cateninmemb,Frizzled"
"N",0.0262082401916418,"NF","cateninmemb,PI3K"
"P",0.0842504691216965,"TS","cateninmemb,cMet"
"N",0.177942719373417,"NF","cateninmemb,ZEB1"
"P",0.238660842708262,"TS","Ecadherin,Ecadherin"
"P",0.0644489320608641,"DA","Ecadherin,Csn"
"N",0.0310185457004827,"NF","Ecadherin,KLF4"
"P",0.0249943587799753,"TS","Ecadherin,HEY1"
"N",0.244512104893022,"NF","Ecadherin,SNAI2"
"N",0.200323857009994,"NF","Ecadherin,SOSGRB2"
"N",0.0571166231946643,"NF","Ecadherin,FOXC2"
"P",0.0396673384246568,"TS","Ecadherin,IKK"
"P",0.166527120429445,"DA","Ecadherin,RAF"
"N",0.20685023165939,"NF","Ecadherin,MEK"
"P",0.0628526425088373,"TS","Ecadherin,NFB"
"N",0.199676709315335,"NF","Ecadherin,ERK"
"P",0.149832970962746,"DA","Ecadherin,TGFR"
"P",0.0928739804701832,"TS","Ecadherin,SHH"
"P",0.159397703017149,"TS","Ecadherin,Wnt"
"P",0.0392509244953772,"TS","Ecadherin,Csl"
"P",0.0977164278059775,"NF","Ecadherin,TrCP"
"N",0.0902606782733035,"NF","Ecadherin,Jagged"
"N",0.0428047551004207,"NF","Ecadherin,DELTA"
"P",0.0593036696404263,"TS","Ecadherin,NOTCHic"
"N",0.15230277677117,"NF","Ecadherin,miR200"
"P",0.0703318304336962,"TS","Ecadherin,STAT"
"P",0.0422021593106358,"TS","Ecadherin,NOTCH"
"P",0.1348417991509,"TS","Ecadherin,Frizzled"
"N",0.116115369794469,"NF","Ecadherin,PI3K"
"P",0.0904378414151364,"DA","Ecadherin,cMet"
"P",0.108952607054929,"DA","Ecadherin,ZEB1"
"P",0.11,"TS","Csn,Csn"
"P",0.00573583279465632,"NF","Csn,KLF4"
"P",0.00146456256921373,"NF","Csn,HEY1"
"N",0.137515810075549,"NF","Csn,SNAI2"
"P",0.12132134209616,"NF","Csn,SOSGRB2"
"P",0.133133253678218,"NF","Csn,FOXC2"
"N",0.1675,"NF","Csn,IKK"
"N",0.178123291301445,"NF","Csn,RAF"
"P",0.0928246753246753,"TS","Csn,MEK"
"N",0.140714285714286,"NF","Csn,NFB"
"P",0.113658008658009,"TS","Csn,ERK"
"N",0.151291618828932,"NF","Csn,TGFR"
"P",0.0087790345854862,"NF","Csn,SHH"
"N",0.203039745187647,"NF","Csn,Wnt"
"P",0.0671717171717172,"TS","Csn,Csl"
"N",0.0283333333333333,"NF","Csn,TrCP"
"P",0.0197146225214323,"NF","Csn,Jagged"
"P",0.0781232913014454,"NF","Csn,DELTA"
"P",0.0925685425685425,"TS","Csn,NOTCHic"
"P",0.0456850852347787,"DA","Csn,miR200"
"P",0.166666666666667,"TS","Csn,STAT"
"P",0.0592352092352092,"NF","Csn,NOTCH"
"N",0.166091954022988,"NF","Csn,Frizzled"
"P",0.244789957968112,"DA","Csn,PI3K"
"P",0.103039745187647,"NF","Csn,cMet"
"N",0.12354011579818,"NF","Csn,ZEB1"
"P",0.0074074074074074,"DA","KLF4,KLF4"
"N",0.0111444982033217,"NF","KLF4,HEY1"
"N",0.0727626794390693,"NF","KLF4,SNAI2"
"P",0.0525984773253889,"TS","KLF4,SOSGRB2"
"P",0.0488662588783581,"TS","KLF4,FOXC2"
"P",0.0567032967032967,"TS","KLF4,IKK"
"N",0.0230826251701432,"NF","KLF4,RAF"
"P",0.0762571775229854,"TS","KLF4,MEK"
"P",0.0766666666666667,"TS","KLF4,NFB"
"P",0.0662036332090718,"TS","KLF4,ERK"
"N",0.0218790933195967,"NF","KLF4,TGFR"
"P",0.109072580645161,"TS","KLF4,SHH"
"P",0.0445052439580484,"TS","KLF4,Wnt"
"N",0.067107095802748,"NF","KLF4,Csl"
"P",0.144279469164715,"TS","KLF4,TrCP"
"N",0.0760715096996956,"NF","KLF4,Jagged"
"N",0.0196153846153847,"NF","KLF4,DELTA"
"P",0.0603811901294739,"TS","KLF4,NOTCHic"
"N",0.0570177487568792,"NF","KLF4,miR200"
"N",0.154396910279263,"NF","KLF4,STAT"
"P",0.0728259618525961,"TS","KLF4,NOTCH"
"P",0.0655462184873949,"TS","KLF4,Frizzled"
"N",0.04110661268556,"NF","KLF4,PI3K"
"N",0.18250711137168,"NF","KLF4,cMet"
"N",0.0935587453544819,"NF","KLF4,ZEB1"
"P",0.0148815889992361,"TS","HEY1,HEY1"
"P",0.0765526131340663,"TS","HEY1,SNAI2"
"N",0.198770726129217,"NF","HEY1,SOSGRB2"
"N",0.0526033496742724,"NF","HEY1,FOXC2"
"N",0.14609759693351,"NF","HEY1,IKK"
"P",0.0610594419131004,"DA","HEY1,RAF"
"N",0.116479983570756,"NF","HEY1,MEK"
"N",0.16812140645732,"NF","HEY1,NFB"
"N",0.104129960700343,"NF","HEY1,ERK"
"P",0.0940711144471068,"DA","HEY1,TGFR"
"P",0.0590725806451613,"NF","HEY1,SHH"
"N",0.0646560735206426,"NF","HEY1,Wnt"
"P",0.16714594300272,"DA","HEY1,Csl"
"N",0.142600023517653,"NF","HEY1,TrCP"
"P",0.192738176366362,"DA","HEY1,Jagged"
"P",0.136282051282051,"DA","HEY1,DELTA"
"N",0.154052156843919,"NF","HEY1,NOTCHic"
"P",0.00999975855908059,"DA","HEY1,miR200"
"N",0.134666666666667,"NF","HEY1,STAT"
"N",0.172101324171437,"NF","HEY1,NOTCH"
"N",0.0745521645646802,"NF","HEY1,Frizzled"
"P",0.0338302300732933,"DA","HEY1,PI3K"
"P",0.141202870377037,"DA","HEY1,cMet"
"P",0.074564031256872,"DA","HEY1,ZEB1"
"P",0.474056510146984,"DA","SNAI2,SNAI2"
"N",0.30242399494707,"NF","SNAI2,SOSGRB2"
"N",0.131526398274011,"NF","SNAI2,FOXC2"
"P",0.299554611851564,"DA","SNAI2,IKK"
"N",0.268883484868034,"NF","SNAI2,RAF"
"N",0.301943496673654,"NF","SNAI2,MEK"
"P",0.294277067696812,"DA","SNAI2,NFB"
"N",0.295364645505082,"NF","SNAI2,ERK"
"N",0.0732453094954666,"NF","SNAI2,TGFR"
"P",0.260243425846946,"DA","SNAI2,SHH"
"N",0.0641495997931161,"NF","SNAI2,Wnt"
"N",0.189716594324149,"NF","SNAI2,Csl"
"N",0.302681314804571,"NF","SNAI2,TrCP"
"N",0.190081944365284,"NF","SNAI2,Jagged"
"N",0.190449220913574,"NF","SNAI2,DELTA"
"N",0.204536642206719,"NF","SNAI2,NOTCHic"
"P",0.105328144405786,"DA","SNAI2,miR200"
"P",0.0785997562496296,"DA","SNAI2,STAT"
"N",0.223319662793347,"NF","SNAI2,NOTCH"
"N",0.0458619559489787,"NF","SNAI2,Frizzled"
"P",0.110304392495021,"TS","SNAI2,PI3K"
"N",0.265442849988959,"NF","SNAI2,cMet"
"N",0.132314586189846,"NF","SNAI2,ZEB1"
"P",0.293333333333334,"TS","SOSGRB2,SOSGRB2"
"N",0.0983866657451563,"NF","SOSGRB2,FOXC2"
"P",0.0156248464298,"DA","SOSGRB2,IKK"
"N",0.241818670971213,"NF","SOSGRB2,RAF"
"N",0.236246636246636,"NF","SOSGRB2,MEK"
"N",0.0167944370730748,"NF","SOSGRB2,NFB"
"N",0.242042458547313,"NF","SOSGRB2,ERK"
"P",0.2400774371827,"TS","SOSGRB2,TGFR"
"P",0.236036036036036,"DA","SOSGRB2,SHH"
"P",0.132251082251082,"DA","SOSGRB2,Wnt"
"N",0.155600031119928,"NF","SOSGRB2,Csl"
"P",0.142271727172717,"NF","SOSGRB2,TrCP"
"N",0.379816149994493,"NF","SOSGRB2,Jagged"
"P",0.287532956685499,"DA","SOSGRB2,DELTA"
"N",0.190434302539566,"NF","SOSGRB2,NOTCHic"
"P",0.0242188594180467,"TS","SOSGRB2,miR200"
"P",0.197044334975369,"DA","SOSGRB2,STAT"
"N",0.202662215471703,"NF","SOSGRB2,NOTCH"
"P",0.151948051948052,"DA","SOSGRB2,Frizzled"
"N",0.125609879762422,"NF","SOSGRB2,PI3K"
"P",0.230289855072463,"TS","SOSGRB2,cMet"
"P",0.163391812865497,"TS","SOSGRB2,ZEB1"
"P",0.0903251103493088,"DA","FOXC2,FOXC2"
"P",0.0430303030303031,"DA","FOXC2,IKK"
"P",0.165356616563513,"TS","FOXC2,RAF"
"N",0.208197305641316,"NF","FOXC2,MEK"
"P",0.0775967989513806,"DA","FOXC2,NFB"
"N",0.198064254271151,"NF","FOXC2,ERK"
"P",0.314252567032992,"TS","FOXC2,TGFR"
"P",0.234072580645161,"DA","FOXC2,SHH"
"P",0.0565858980820462,"DA","FOXC2,Wnt"
"N",0.194676948137936,"NF","FOXC2,Csl"
"P",0.267250213794517,"DA","FOXC2,TrCP"
"N",0.235119128747315,"NF","FOXC2,Jagged"
"N",0.178663003663004,"NF","FOXC2,DELTA"
"P",0.182811469394055,"DA","FOXC2,NOTCHic"
"N",0.0151372114786749,"NF","FOXC2,miR200"
"P",0.260121336059986,"DA","FOXC2,STAT"
"P",0.204012001485841,"DA","FOXC2,NOTCH"
"P",0.0751905492448368,"DA","FOXC2,Frizzled"
"P",0.0371554543017957,"TS","FOXC2,PI3K"
"P",0.167137410748815,"TS","FOXC2,cMet"
"P",0.223962663887044,"TS","FOXC2,ZEB1"
"P",0.038095238095238,"DA","IKK,IKK"
"P",0.178832858007087,"DA","IKK,RAF"
"P",0.16498556998557,"DA","IKK,MEK"
"P",0.118275418275418,"DA","IKK,NFB"
"P",0.169952890247008,"DA","IKK,ERK"
"P",0.065588212956634,"DA","IKK,TGFR"
"N",0.219029374201788,"NF","IKK,SHH"
"P",0.00880341880341881,"TS","IKK,Wnt"
"P",0.108996946206249,"DA","IKK,Csl"
"P",0.0241228070175439,"NF","IKK,TrCP"
"N",0.0720790378006872,"NF","IKK,Jagged"
"P",0.101451905626134,"DA","IKK,DELTA"
"P",0.0591630591630592,"DA","IKK,NOTCHic"
"N",0.0578272604588394,"NF","IKK,miR200"
"P",0.0542857142857143,"TS","IKK,STAT"
"P",0.0655122655122655,"DA","IKK,NOTCH"
"N",0.0247222222222223,"NF","IKK,Frizzled"
"N",0.18576563111633,"NF","IKK,PI3K"
"N",0.0221367521367521,"NF","IKK,cMet"
"N",0.128532067874605,"NF","IKK,ZEB1"
"P",0.245454545454546,"TS","RAF,RAF"
"N",0.167647038703532,"NF","RAF,MEK"
"P",0.165100463640889,"DA","RAF,NFB"
"N",0.208768281526902,"NF","RAF,ERK"
"N",0.175357142857142,"NF","RAF,TGFR"
"N",0.185748633879781,"NF","RAF,SHH"
"N",0.134160401002506,"NF","RAF,Wnt"
"N",0.154396870828655,"NF","RAF,Csl"
"N",0.186532228067379,"NF","RAF,TrCP"
"N",0.137851079311181,"NF","RAF,Jagged"
"N",0.176060606060606,"NF","RAF,DELTA"
"N",0.181176987263943,"NF","RAF,NOTCHic"
"N",0.121116393250283,"NF","RAF,miR200"
"N",0.117850496277916,"NF","RAF,STAT"
"N",0.171087801087801,"NF","RAF,NOTCH"
"N",0.173251310093415,"NF","RAF,Frizzled"
"P",0.161688311688312,"TS","RAF,PI3K"
"N",0.204160401002506,"NF","RAF,cMet"
"P",0.0914717335470419,"TS","RAF,ZEB1"
"P",0.0845194424064564,"TS","MEK,MEK"
"P",0.16344070961718,"DA","MEK,NFB"
"N",0.0963788300835654,"NF","MEK,ERK"
"N",0.165185436171832,"NF","MEK,TGFR"
"N",0.153330333226187,"NF","MEK,SHH"
"P",0.111779788838612,"DA","MEK,Wnt"
"N",0.2230836313445,"NF","MEK,Csl"
"N",0.200370424957013,"NF","MEK,TrCP"
"N",0.177031407180034,"NF","MEK,Jagged"
"N",0.203240093240093,"NF","MEK,DELTA"
"N",0.215892995892996,"NF","MEK,NOTCHic"
"P",0.0511000728992803,"TS","MEK,miR200"
"P",0.206603415559772,"DA","MEK,STAT"
"N",0.209073392139085,"NF","MEK,NOTCH"
"P",0.142549019607843,"DA","MEK,Frizzled"
"N",0.12991869910867,"NF","MEK,PI3K"
"N",0.255339222181327,"NF","MEK,cMet"
"N",0.051850241332162,"NF","MEK,ZEB1"
"P",0.038095238095238,"DA","NFB,NFB"
"P",0.16498556998557,"DA","NFB,ERK"
"P",0.0716513708513708,"DA","NFB,TGFR"
"P",0.108186000707812,"NF","NFB,SHH"
"P",0.094957264957265,"TS","NFB,Wnt"
"P",0.0591630591630592,"DA","NFB,Csl"
"N",0.108333333333333,"NF","NFB,TrCP"
"P",0.0358680066256273,"NF","NFB,Jagged"
"P",0.0793861779266038,"NF","NFB,DELTA"
"P",0.0655122655122655,"DA","NFB,NOTCHic"
"P",0.0639776818294866,"TS","NFB,miR200"
"P",0.0155555555555556,"DA","NFB,STAT"
"P",0.0953330540427314,"DA","NFB,NOTCH"
"P",0.00880341880341881,"TS","NFB,Frizzled"
"N",0.179386177926604,"NF","NFB,PI3K"
"P",0.0282905982905983,"NF","NFB,cMet"
"N",0.126296027424884,"NF","NFB,ZEB1"
"P",0.0845194424064564,"TS","ERK,ERK"
"N",0.14692726198925,"NF","ERK,TGFR"
"N",0.172847241438747,"NF","ERK,SHH"
"P",0.106596736596737,"DA","ERK,Wnt"
"N",0.215892995892996,"NF","ERK,Csl"
"N",0.191418044004632,"NF","ERK,TrCP"
"N",0.150926989509351,"NF","ERK,Jagged"
"N",0.179113109113109,"NF","ERK,DELTA"
"N",0.209073392139085,"NF","ERK,NOTCHic"
"N",0.0510932519890981,"NF","ERK,miR200"
"P",0.192115583075335,"DA","ERK,STAT"
"N",0.19722139372199,"NF","ERK,NOTCH"
"P",0.111779788838612,"DA","ERK,Frizzled"
"N",0.144043081101905,"NF","ERK,PI3K"
"N",0.246947613789719,"NF","ERK,cMet"
"N",0.0565427384704602,"NF","ERK,ZEB1"
"P",0.619761904761904,"TS","TGFR,TGFR"
"P",0.135403759984414,"DA","TGFR,SHH"
"P",0.110053908355795,"DA","TGFR,Wnt"
"N",0.23635947309545,"NF","TGFR,Csl"
"N",0.197364400305576,"NF","TGFR,TrCP"
"N",0.315928866690857,"NF","TGFR,Jagged"
"P",0.210912698412698,"DA","TGFR,DELTA"
"N",0.223203312322333,"NF","TGFR,NOTCHic"
"P",0.161448717897877,"TS","TGFR,miR200"
"P",0.282027511961722,"DA","TGFR,STAT"
"N",0.218515449709198,"NF","TGFR,NOTCH"
"P",0.115714285714286,"DA","TGFR,Frizzled"
"N",0.048906162464986,"NF","TGFR,PI3K"
"P",0.188784067085953,"TS","TGFR,cMet"
"P",0.224823750377445,"TS","TGFR,ZEB1"
"P",0.346666666666666,"TS","SHH,SHH"
"N",0.144805194805195,"NF","SHH,Wnt"
"P",0.135611253999332,"DA","SHH,Csl"
"P",0.0348803550093873,"NF","SHH,TrCP"
"P",0.0627838827838828,"DA","SHH,Jagged"
"N",0.125641025641026,"NF","SHH,DELTA"
"P",0.234749185033815,"DA","SHH,NOTCHic"
"N",0.124825720051367,"NF","SHH,miR200"
"N",0.128132331755505,"NF","SHH,STAT"
"P",0.198190045248869,"DA","SHH,NOTCH"
"N",0.241579388353582,"NF","SHH,Frizzled"
"N",0.136752136752137,"NF","SHH,PI3K"
"P",0.134431818181818,"NF","SHH,cMet"
"N",0.124661334931902,"NF","SHH,ZEB1"
"P",0.15,"DA","Wnt,Wnt"
"N",0.0560515828257764,"NF","Wnt,Csl"
"N",0.16682261208577,"NF","Wnt,TrCP"
"P",0.0612009803921569,"TS","Wnt,Jagged"
"P",0.0508270676691729,"TS","Wnt,DELTA"
"N",0.0164202464202464,"NF","Wnt,NOTCHic"
"N",0.129889315692133,"NF","Wnt,miR200"
"P",0.109415584415584,"DA","Wnt,STAT"
"N",0.0361172161172161,"NF","Wnt,NOTCH"
"P",0.269736842105263,"DA","Wnt,Frizzled"
"N",0.106672478297192,"NF","Wnt,PI3K"
"N",0.121666666666667,"NF","Wnt,cMet"
"P",0.0507827896637079,"TS","Wnt,ZEB1"
"P",0.00497695852534562,"TS","Csl,Csl"
"N",0.0346153846153846,"NF","Csl,TrCP"
"N",0.122685957652845,"NF","Csl,Jagged"
"P",0.143285759717544,"DA","Csl,DELTA"
"N",0.102037351443124,"NF","Csl,NOTCHic"
"P",0.0687385843173811,"DA","Csl,miR200"
"N",0.0201508295625943,"NF","Csl,STAT"
"N",0.0904789098846824,"NF","Csl,NOTCH"
"N",0.0164202464202464,"NF","Csl,Frizzled"
"P",0.0432857597175438,"NF","Csl,PI3K"
"P",0.0202664002664003,"DA","Csl,cMet"
"P",0.138467440236297,"TS","Csl,ZEB1"
"P",0.0666666666666666,"TS","TrCP,TrCP"
"P",0.0198608980913429,"NF","TrCP,Jagged"
"P",0.0865322280673787,"NF","TrCP,DELTA"
"P",0.00948717948717949,"NF","TrCP,NOTCHic"
"P",0.0568408997193709,"NF","TrCP,miR200"
"P",0.06,"NF","TrCP,STAT"
"P",0.003992673992674,"NF","TrCP,NOTCH"
"N",0.156296296296296,"NF","TrCP,Frizzled"
"P",0.286532228067379,"DA","TrCP,PI3K"
"P",0.0671071071071071,"NF","TrCP,cMet"
"P",0.170072791228868,"TS","TrCP,ZEB1"
"P",0.0313419913419914,"TS","Jagged,Jagged"
"N",0.069004329004329,"NF","Jagged,DELTA"
"N",0.102685957652845,"NF","Jagged,NOTCHic"
"P",0.0882664298220759,"DA","Jagged,miR200"
"P",0.0252329360780065,"NF","Jagged,STAT"
"N",0.113660413660414,"NF","Jagged,NOTCH"
"P",0.0442312834224599,"NF","Jagged,Frizzled"
"N",0.0896491228070175,"NF","Jagged,PI3K"
"N",0.160208776730516,"NF","Jagged,cMet"
"P",0.119197707217744,"TS","Jagged,ZEB1"
"P",0.106666666666667,"DA","DELTA,DELTA"
"P",0.122793148880105,"DA","DELTA,NOTCHic"
"P",0.13884563197996,"DA","DELTA,miR200"
"P",0.0178504962779156,"NF","DELTA,STAT"
"P",0.138528138528139,"DA","DELTA,NOTCH"
"P",0.039917976760082,"NF","DELTA,Frizzled"
"N",0.0922943722943723,"NF","DELTA,PI3K"
"P",0.117142857142857,"DA","DELTA,cMet"
"P",0.113743623427066,"TS","DELTA,ZEB1"
"P",0.00497695852534562,"TS","NOTCHic,NOTCHic"
"N",0.0615449635740646,"NF","NOTCHic,miR200"
"N",0.0251404345521993,"NF","NOTCHic,STAT"
"N",0.102037351443124,"NF","NOTCHic,NOTCH"
"N",0.0361172161172161,"NF","NOTCHic,Frizzled"
"P",0.0581777642647208,"DA","NOTCHic,PI3K"
"P",0.0182999456683667,"DA","NOTCHic,cMet"
"P",0.152994577057876,"TS","NOTCHic,ZEB1"
"P",0.14011406061675,"TS","miR200,miR200"
"N",0.0915957164680498,"NF","miR200,STAT"
"P",0.0678143208827019,"DA","miR200,NOTCH"
"N",0.0928074494949495,"NF","miR200,Frizzled"
"P",0.145805393529886,"DA","miR200,PI3K"
"N",0.18225890835792,"NF","miR200,cMet"
"P",0.0697346548498562,"TS","miR200,ZEB1"
"P",0.0857142857142858,"TS","STAT,STAT"
"P",0.0171896625351794,"NF","STAT,NOTCH"
"N",0.117857142857143,"NF","STAT,Frizzled"
"N",0.117850496277916,"NF","STAT,PI3K"
"P",0.209415584415584,"TS","STAT,cMet"
"P",0.0864532902994441,"TS","STAT,ZEB1"
"P",0.00497695852534562,"TS","NOTCH,NOTCH"
"N",0.0575350140056022,"NF","NOTCH,Frizzled"
"P",0.0725302654334912,"DA","NOTCH,PI3K"
"N",0.0394553486826723,"NF","NOTCH,cMet"
"P",0.165446367691485,"TS","NOTCH,ZEB1"
"P",0.15,"DA","Frizzled,Frizzled"
"N",0.128806865648971,"NF","Frizzled,PI3K"
"P",0.0697368421052632,"NF","Frizzled,cMet"
"P",0.0733265825045304,"TS","Frizzled,ZEB1"
"P",0.077922077922078,"TS","PI3K,PI3K"
"N",0.172988267770876,"NF","PI3K,cMet"
"P",0.128666858897796,"TS","PI3K,ZEB1"
"P",0.0933333333333334,"TS","cMet,cMet"
"N",0.0676526406799003,"NF","cMet,ZEB1"
"P",0.191875720187741,"TS","ZEB1,ZEB1"
