,Cycles,Nature,Edge_count
0,ZEB1,N,1
1,ZEB2,N,1
2,SNAI1,N,1
3,SNAI2,P,1
4,"miR-34a,ZEB1",P,2
5,"miR-34a,ZEB1,miR-200a,TGF-beta,SNAI2,miR-101,SNAI1",P,7
6,"miR-34a,ZEB1,miR-200a,TGF-beta,SNAI2,TWIST2,TWIST1,SNAI1",P,8
7,"miR-34a,ZEB1,miR-200a,TGF-beta,SNAI2,TWIST2,SNAI1",N,7
8,"miR-34a,ZEB1,miR-200a,TGF-beta,SNAI1",P,5
9,"miR-34a,ZEB1,miR-200a,TGF-beta,GSC,TWIST1,SNAI2,miR-101,SNAI1",N,9
10,"miR-34a,ZEB1,miR-200a,TGF-beta,GSC,TWIST1,SNAI2,TWIST2,SNAI1",P,9
11,"miR-34a,ZEB1,miR-200a,TGF-beta,GSC,TWIST1,SNAI1",N,7
12,"miR-34a,ZEB1,miR-200a,TGF-beta,GSC,SNAI1",P,6
13,"miR-34a,ZEB1,miR-200a,ZEB2,miR-200c,TGF-beta,SNAI2,miR-101,SNAI1",N,9
14,"miR-34a,ZEB1,miR-200a,ZEB2,miR-200c,TGF-beta,SNAI2,TWIST2,TWIST1,SNAI1",N,10
15,"miR-34a,ZEB1,miR-200a,ZEB2,miR-200c,TGF-beta,SNAI2,TWIST2,SNAI1",P,9
16,"miR-34a,ZEB1,miR-200a,ZEB2,miR-200c,TGF-beta,SNAI1",N,7
17,"miR-34a,ZEB1,miR-200a,ZEB2,miR-200c,TGF-beta,GSC,TWIST1,SNAI2,miR-101,SNAI1",P,11
18,"miR-34a,ZEB1,miR-200a,ZEB2,miR-200c,TGF-beta,GSC,TWIST1,SNAI2,TWIST2,SNAI1",N,11
19,"miR-34a,ZEB1,miR-200a,ZEB2,miR-200c,TGF-beta,GSC,TWIST1,SNAI1",P,9
20,"miR-34a,ZEB1,miR-200a,ZEB2,miR-200c,TGF-beta,GSC,SNAI1",N,8
21,"miR-34a,ZEB1,miR-200a,ZEB2,miR-200b,TGF-beta,SNAI2,miR-101,SNAI1",N,9
22,"miR-34a,ZEB1,miR-200a,ZEB2,miR-200b,TGF-beta,SNAI2,TWIST2,TWIST1,SNAI1",N,10
23,"miR-34a,ZEB1,miR-200a,ZEB2,miR-200b,TGF-beta,SNAI2,TWIST2,SNAI1",P,9
24,"miR-34a,ZEB1,miR-200a,ZEB2,miR-200b,TGF-beta,SNAI1",N,7
25,"miR-34a,ZEB1,miR-200a,ZEB2,miR-200b,TGF-beta,GSC,TWIST1,SNAI2,miR-101,SNAI1",P,11
26,"miR-34a,ZEB1,miR-200a,ZEB2,miR-200b,TGF-beta,GSC,TWIST1,SNAI2,TWIST2,SNAI1",N,11
27,"miR-34a,ZEB1,miR-200a,ZEB2,miR-200b,TGF-beta,GSC,TWIST1,SNAI1",P,9
28,"miR-34a,ZEB1,miR-200a,ZEB2,miR-200b,TGF-beta,GSC,SNAI1",N,8
29,"miR-34a,ZEB1,miR-200c,TGF-beta,SNAI2,miR-101,SNAI1",P,7
30,"miR-34a,ZEB1,miR-200c,TGF-beta,SNAI2,TWIST2,TWIST1,SNAI1",P,8
31,"miR-34a,ZEB1,miR-200c,TGF-beta,SNAI2,TWIST2,SNAI1",N,7
32,"miR-34a,ZEB1,miR-200c,TGF-beta,SNAI1",P,5
33,"miR-34a,ZEB1,miR-200c,TGF-beta,GSC,TWIST1,SNAI2,miR-101,SNAI1",N,9
34,"miR-34a,ZEB1,miR-200c,TGF-beta,GSC,TWIST1,SNAI2,TWIST2,SNAI1",P,9
35,"miR-34a,ZEB1,miR-200c,TGF-beta,GSC,TWIST1,SNAI1",N,7
36,"miR-34a,ZEB1,miR-200c,TGF-beta,GSC,SNAI1",P,6
37,"miR-34a,ZEB1,miR-200c,ZEB2,miR-200a,TGF-beta,SNAI2,miR-101,SNAI1",N,9
38,"miR-34a,ZEB1,miR-200c,ZEB2,miR-200a,TGF-beta,SNAI2,TWIST2,TWIST1,SNAI1",N,10
39,"miR-34a,ZEB1,miR-200c,ZEB2,miR-200a,TGF-beta,SNAI2,TWIST2,SNAI1",P,9
40,"miR-34a,ZEB1,miR-200c,ZEB2,miR-200a,TGF-beta,SNAI1",N,7
41,"miR-34a,ZEB1,miR-200c,ZEB2,miR-200a,TGF-beta,GSC,TWIST1,SNAI2,miR-101,SNAI1",P,11
42,"miR-34a,ZEB1,miR-200c,ZEB2,miR-200a,TGF-beta,GSC,TWIST1,SNAI2,TWIST2,SNAI1",N,11
43,"miR-34a,ZEB1,miR-200c,ZEB2,miR-200a,TGF-beta,GSC,TWIST1,SNAI1",P,9
44,"miR-34a,ZEB1,miR-200c,ZEB2,miR-200a,TGF-beta,GSC,SNAI1",N,8
45,"miR-34a,ZEB1,miR-200c,ZEB2,miR-200b,TGF-beta,SNAI2,miR-101,SNAI1",N,9
46,"miR-34a,ZEB1,miR-200c,ZEB2,miR-200b,TGF-beta,SNAI2,TWIST2,TWIST1,SNAI1",N,10
47,"miR-34a,ZEB1,miR-200c,ZEB2,miR-200b,TGF-beta,SNAI2,TWIST2,SNAI1",P,9
48,"miR-34a,ZEB1,miR-200c,ZEB2,miR-200b,TGF-beta,SNAI1",N,7
49,"miR-34a,ZEB1,miR-200c,ZEB2,miR-200b,TGF-beta,GSC,TWIST1,SNAI2,miR-101,SNAI1",P,11
50,"miR-34a,ZEB1,miR-200c,ZEB2,miR-200b,TGF-beta,GSC,TWIST1,SNAI2,TWIST2,SNAI1",N,11
51,"miR-34a,ZEB1,miR-200c,ZEB2,miR-200b,TGF-beta,GSC,TWIST1,SNAI1",P,9
52,"miR-34a,ZEB1,miR-200c,ZEB2,miR-200b,TGF-beta,GSC,SNAI1",N,8
53,"miR-34a,ZEB1,miR-200b,TGF-beta,SNAI2,miR-101,SNAI1",N,7
54,"miR-34a,ZEB1,miR-200b,TGF-beta,SNAI2,TWIST2,TWIST1,SNAI1",N,8
55,"miR-34a,ZEB1,miR-200b,TGF-beta,SNAI2,TWIST2,SNAI1",P,7
56,"miR-34a,ZEB1,miR-200b,TGF-beta,SNAI1",N,5
57,"miR-34a,ZEB1,miR-200b,TGF-beta,GSC,TWIST1,SNAI2,miR-101,SNAI1",P,9
58,"miR-34a,ZEB1,miR-200b,TGF-beta,GSC,TWIST1,SNAI2,TWIST2,SNAI1",N,9
59,"miR-34a,ZEB1,miR-200b,TGF-beta,GSC,TWIST1,SNAI1",P,7
60,"miR-34a,ZEB1,miR-200b,TGF-beta,GSC,SNAI1",N,6
61,"miR-34a,ZEB1,miR-200b,ZEB2,miR-200a,TGF-beta,SNAI2,miR-101,SNAI1",P,9
62,"miR-34a,ZEB1,miR-200b,ZEB2,miR-200a,TGF-beta,SNAI2,TWIST2,TWIST1,SNAI1",P,10
63,"miR-34a,ZEB1,miR-200b,ZEB2,miR-200a,TGF-beta,SNAI2,TWIST2,SNAI1",N,9
64,"miR-34a,ZEB1,miR-200b,ZEB2,miR-200a,TGF-beta,SNAI1",P,7
65,"miR-34a,ZEB1,miR-200b,ZEB2,miR-200a,TGF-beta,GSC,TWIST1,SNAI2,miR-101,SNAI1",N,11
66,"miR-34a,ZEB1,miR-200b,ZEB2,miR-200a,TGF-beta,GSC,TWIST1,SNAI2,TWIST2,SNAI1",P,11
67,"miR-34a,ZEB1,miR-200b,ZEB2,miR-200a,TGF-beta,GSC,TWIST1,SNAI1",N,9
68,"miR-34a,ZEB1,miR-200b,ZEB2,miR-200a,TGF-beta,GSC,SNAI1",P,8
69,"miR-34a,ZEB1,miR-200b,ZEB2,miR-200c,TGF-beta,SNAI2,miR-101,SNAI1",P,9
70,"miR-34a,ZEB1,miR-200b,ZEB2,miR-200c,TGF-beta,SNAI2,TWIST2,TWIST1,SNAI1",P,10
71,"miR-34a,ZEB1,miR-200b,ZEB2,miR-200c,TGF-beta,SNAI2,TWIST2,SNAI1",N,9
72,"miR-34a,ZEB1,miR-200b,ZEB2,miR-200c,TGF-beta,SNAI1",P,7
73,"miR-34a,ZEB1,miR-200b,ZEB2,miR-200c,TGF-beta,GSC,TWIST1,SNAI2,miR-101,SNAI1",N,11
74,"miR-34a,ZEB1,miR-200b,ZEB2,miR-200c,TGF-beta,GSC,TWIST1,SNAI2,TWIST2,SNAI1",P,11
75,"miR-34a,ZEB1,miR-200b,ZEB2,miR-200c,TGF-beta,GSC,TWIST1,SNAI1",N,9
76,"miR-34a,ZEB1,miR-200b,ZEB2,miR-200c,TGF-beta,GSC,SNAI1",P,8
77,"miR-34a,ZEB1,miR-141,TGF-beta,SNAI2,miR-101,SNAI1",P,7
78,"miR-34a,ZEB1,miR-141,TGF-beta,SNAI2,TWIST2,TWIST1,SNAI1",P,8
79,"miR-34a,ZEB1,miR-141,TGF-beta,SNAI2,TWIST2,SNAI1",N,7
80,"miR-34a,ZEB1,miR-141,TGF-beta,SNAI1",P,5
81,"miR-34a,ZEB1,miR-141,TGF-beta,GSC,TWIST1,SNAI2,miR-101,SNAI1",N,9
82,"miR-34a,ZEB1,miR-141,TGF-beta,GSC,TWIST1,SNAI2,TWIST2,SNAI1",P,9
83,"miR-34a,ZEB1,miR-141,TGF-beta,GSC,TWIST1,SNAI1",N,7
84,"miR-34a,ZEB1,miR-141,TGF-beta,GSC,SNAI1",P,6
85,"miR-34a,ZEB1,miR-141,ZEB2,miR-200a,TGF-beta,SNAI2,miR-101,SNAI1",P,9
86,"miR-34a,ZEB1,miR-141,ZEB2,miR-200a,TGF-beta,SNAI2,TWIST2,TWIST1,SNAI1",P,10
87,"miR-34a,ZEB1,miR-141,ZEB2,miR-200a,TGF-beta,SNAI2,TWIST2,SNAI1",N,9
88,"miR-34a,ZEB1,miR-141,ZEB2,miR-200a,TGF-beta,SNAI1",P,7
89,"miR-34a,ZEB1,miR-141,ZEB2,miR-200a,TGF-beta,GSC,TWIST1,SNAI2,miR-101,SNAI1",N,11
90,"miR-34a,ZEB1,miR-141,ZEB2,miR-200a,TGF-beta,GSC,TWIST1,SNAI2,TWIST2,SNAI1",P,11
91,"miR-34a,ZEB1,miR-141,ZEB2,miR-200a,TGF-beta,GSC,TWIST1,SNAI1",N,9
92,"miR-34a,ZEB1,miR-141,ZEB2,miR-200a,TGF-beta,GSC,SNAI1",P,8
93,"miR-34a,ZEB1,miR-141,ZEB2,miR-200c,TGF-beta,SNAI2,miR-101,SNAI1",P,9
94,"miR-34a,ZEB1,miR-141,ZEB2,miR-200c,TGF-beta,SNAI2,TWIST2,TWIST1,SNAI1",P,10
95,"miR-34a,ZEB1,miR-141,ZEB2,miR-200c,TGF-beta,SNAI2,TWIST2,SNAI1",N,9
96,"miR-34a,ZEB1,miR-141,ZEB2,miR-200c,TGF-beta,SNAI1",P,7
97,"miR-34a,ZEB1,miR-141,ZEB2,miR-200c,TGF-beta,GSC,TWIST1,SNAI2,miR-101,SNAI1",N,11
98,"miR-34a,ZEB1,miR-141,ZEB2,miR-200c,TGF-beta,GSC,TWIST1,SNAI2,TWIST2,SNAI1",P,11
99,"miR-34a,ZEB1,miR-141,ZEB2,miR-200c,TGF-beta,GSC,TWIST1,SNAI1",N,9
100,"miR-34a,ZEB1,miR-141,ZEB2,miR-200c,TGF-beta,GSC,SNAI1",P,8
101,"miR-34a,ZEB1,miR-141,ZEB2,miR-200b,TGF-beta,SNAI2,miR-101,SNAI1",P,9
102,"miR-34a,ZEB1,miR-141,ZEB2,miR-200b,TGF-beta,SNAI2,TWIST2,TWIST1,SNAI1",P,10
103,"miR-34a,ZEB1,miR-141,ZEB2,miR-200b,TGF-beta,SNAI2,TWIST2,SNAI1",N,9
104,"miR-34a,ZEB1,miR-141,ZEB2,miR-200b,TGF-beta,SNAI1",P,7
105,"miR-34a,ZEB1,miR-141,ZEB2,miR-200b,TGF-beta,GSC,TWIST1,SNAI2,miR-101,SNAI1",N,11
106,"miR-34a,ZEB1,miR-141,ZEB2,miR-200b,TGF-beta,GSC,TWIST1,SNAI2,TWIST2,SNAI1",P,11
107,"miR-34a,ZEB1,miR-141,ZEB2,miR-200b,TGF-beta,GSC,TWIST1,SNAI1",N,9
108,"miR-34a,ZEB1,miR-141,ZEB2,miR-200b,TGF-beta,GSC,SNAI1",P,8
109,"miR-34a,TWIST2,ZEB2,miR-200a,TGF-beta,SNAI2,miR-200b,ZEB1",N,8
110,"miR-34a,TWIST2,ZEB2,miR-200a,TGF-beta,SNAI2,miR-101,SNAI1",N,8
111,"miR-34a,TWIST2,ZEB2,miR-200a,TGF-beta,SNAI2,miR-101,SNAI1,ZEB1",N,9
112,"miR-34a,TWIST2,ZEB2,miR-200a,TGF-beta,SNAI2,miR-101,SNAI1,TWIST1,ZEB1",P,10
113,"miR-34a,TWIST2,ZEB2,miR-200a,TGF-beta,SNAI2,miR-101,SNAI1,TWIST1,FOXC2,ZEB1",P,11
114,"miR-34a,TWIST2,ZEB2,miR-200a,TGF-beta,SNAI2,miR-101,SNAI1,FOXC2,ZEB1",N,10
115,"miR-34a,TWIST2,ZEB2,miR-200a,TGF-beta,SNAI2,miR-101,ZEB1",N,8
116,"miR-34a,TWIST2,ZEB2,miR-200a,TGF-beta,SNAI1,miR-101,ZEB1",N,8
117,"miR-34a,TWIST2,ZEB2,miR-200a,TGF-beta,SNAI1",N,6
118,"miR-34a,TWIST2,ZEB2,miR-200a,TGF-beta,SNAI1,ZEB1",N,7
119,"miR-34a,TWIST2,ZEB2,miR-200a,TGF-beta,SNAI1,TWIST1,ZEB1",P,8
120,"miR-34a,TWIST2,ZEB2,miR-200a,TGF-beta,SNAI1,TWIST1,SNAI2,miR-200b,ZEB1",N,10
121,"miR-34a,TWIST2,ZEB2,miR-200a,TGF-beta,SNAI1,TWIST1,SNAI2,miR-101,ZEB1",N,10
122,"miR-34a,TWIST2,ZEB2,miR-200a,TGF-beta,SNAI1,TWIST1,FOXC2,ZEB1",P,9
123,"miR-34a,TWIST2,ZEB2,miR-200a,TGF-beta,SNAI1,SNAI2,miR-200b,ZEB1",P,9
124,"miR-34a,TWIST2,ZEB2,miR-200a,TGF-beta,SNAI1,SNAI2,miR-101,ZEB1",P,9
125,"miR-34a,TWIST2,ZEB2,miR-200a,TGF-beta,SNAI1,FOXC2,ZEB1",N,8
126,"miR-34a,TWIST2,ZEB2,miR-200a,TGF-beta,GSC,ZEB1",P,7
127,"miR-34a,TWIST2,ZEB2,miR-200a,TGF-beta,GSC,FOXC2,ZEB1",P,8
128,"miR-34a,TWIST2,ZEB2,miR-200a,TGF-beta,GSC,TWIST1,ZEB1",N,8
129,"miR-34a,TWIST2,ZEB2,miR-200a,TGF-beta,GSC,TWIST1,SNAI2,miR-200b,ZEB1",P,10
130,"miR-34a,TWIST2,ZEB2,miR-200a,TGF-beta,GSC,TWIST1,SNAI2,miR-101,SNAI1",P,10
131,"miR-34a,TWIST2,ZEB2,miR-200a,TGF-beta,GSC,TWIST1,SNAI2,miR-101,SNAI1,ZEB1",P,11
132,"miR-34a,TWIST2,ZEB2,miR-200a,TGF-beta,GSC,TWIST1,SNAI2,miR-101,SNAI1,FOXC2,ZEB1",P,12
133,"miR-34a,TWIST2,ZEB2,miR-200a,TGF-beta,GSC,TWIST1,SNAI2,miR-101,ZEB1",P,10
134,"miR-34a,TWIST2,ZEB2,miR-200a,TGF-beta,GSC,TWIST1,SNAI1,miR-101,ZEB1",P,10
135,"miR-34a,TWIST2,ZEB2,miR-200a,TGF-beta,GSC,TWIST1,SNAI1",P,8
136,"miR-34a,TWIST2,ZEB2,miR-200a,TGF-beta,GSC,TWIST1,SNAI1,ZEB1",P,9
137,"miR-34a,TWIST2,ZEB2,miR-200a,TGF-beta,GSC,TWIST1,SNAI1,SNAI2,miR-200b,ZEB1",N,11
138,"miR-34a,TWIST2,ZEB2,miR-200a,TGF-beta,GSC,TWIST1,SNAI1,SNAI2,miR-101,ZEB1",N,11
139,"miR-34a,TWIST2,ZEB2,miR-200a,TGF-beta,GSC,TWIST1,SNAI1,FOXC2,ZEB1",P,10
140,"miR-34a,TWIST2,ZEB2,miR-200a,TGF-beta,GSC,TWIST1,FOXC2,ZEB1",N,9
141,"miR-34a,TWIST2,ZEB2,miR-200a,TGF-beta,GSC,SNAI1,miR-101,ZEB1",N,9
142,"miR-34a,TWIST2,ZEB2,miR-200a,TGF-beta,GSC,SNAI1",N,7
143,"miR-34a,TWIST2,ZEB2,miR-200a,TGF-beta,GSC,SNAI1,ZEB1",N,8
144,"miR-34a,TWIST2,ZEB2,miR-200a,TGF-beta,GSC,SNAI1,TWIST1,ZEB1",P,9
145,"miR-34a,TWIST2,ZEB2,miR-200a,TGF-beta,GSC,SNAI1,TWIST1,SNAI2,miR-200b,ZEB1",N,11
146,"miR-34a,TWIST2,ZEB2,miR-200a,TGF-beta,GSC,SNAI1,TWIST1,SNAI2,miR-101,ZEB1",N,11
147,"miR-34a,TWIST2,ZEB2,miR-200a,TGF-beta,GSC,SNAI1,TWIST1,FOXC2,ZEB1",P,10
148,"miR-34a,TWIST2,ZEB2,miR-200a,TGF-beta,GSC,SNAI1,SNAI2,miR-200b,ZEB1",P,10
149,"miR-34a,TWIST2,ZEB2,miR-200a,TGF-beta,GSC,SNAI1,SNAI2,miR-101,ZEB1",P,10
150,"miR-34a,TWIST2,ZEB2,miR-200a,TGF-beta,GSC,SNAI1,FOXC2,ZEB1",N,9
151,"miR-34a,TWIST2,ZEB2,miR-200a,ZEB1",P,5
152,"miR-34a,TWIST2,ZEB2,miR-200a,ZEB1,miR-200c,TGF-beta,SNAI2,miR-101,SNAI1",P,10
153,"miR-34a,TWIST2,ZEB2,miR-200a,ZEB1,miR-200c,TGF-beta,SNAI1",P,8
154,"miR-34a,TWIST2,ZEB2,miR-200a,ZEB1,miR-200c,TGF-beta,GSC,TWIST1,SNAI2,miR-101,SNAI1",N,12
155,"miR-34a,TWIST2,ZEB2,miR-200a,ZEB1,miR-200c,TGF-beta,GSC,TWIST1,SNAI1",N,10
156,"miR-34a,TWIST2,ZEB2,miR-200a,ZEB1,miR-200c,TGF-beta,GSC,SNAI1",P,9
157,"miR-34a,TWIST2,ZEB2,miR-200a,ZEB1,miR-200b,TGF-beta,SNAI2,miR-101,SNAI1",N,10
158,"miR-34a,TWIST2,ZEB2,miR-200a,ZEB1,miR-200b,TGF-beta,SNAI1",N,8
159,"miR-34a,TWIST2,ZEB2,miR-200a,ZEB1,miR-200b,TGF-beta,GSC,TWIST1,SNAI2,miR-101,SNAI1",P,12
160,"miR-34a,TWIST2,ZEB2,miR-200a,ZEB1,miR-200b,TGF-beta,GSC,TWIST1,SNAI1",P,10
161,"miR-34a,TWIST2,ZEB2,miR-200a,ZEB1,miR-200b,TGF-beta,GSC,SNAI1",N,9
162,"miR-34a,TWIST2,ZEB2,miR-200a,ZEB1,miR-141,TGF-beta,SNAI2,miR-101,SNAI1",P,10
163,"miR-34a,TWIST2,ZEB2,miR-200a,ZEB1,miR-141,TGF-beta,SNAI1",P,8
164,"miR-34a,TWIST2,ZEB2,miR-200a,ZEB1,miR-141,TGF-beta,GSC,TWIST1,SNAI2,miR-101,SNAI1",N,12
165,"miR-34a,TWIST2,ZEB2,miR-200a,ZEB1,miR-141,TGF-beta,GSC,TWIST1,SNAI1",N,10
166,"miR-34a,TWIST2,ZEB2,miR-200a,ZEB1,miR-141,TGF-beta,GSC,SNAI1",P,9
167,"miR-34a,TWIST2,ZEB2,miR-200c,TGF-beta,SNAI2,miR-200b,ZEB1",N,8
168,"miR-34a,TWIST2,ZEB2,miR-200c,TGF-beta,SNAI2,miR-101,SNAI1",N,8
169,"miR-34a,TWIST2,ZEB2,miR-200c,TGF-beta,SNAI2,miR-101,SNAI1,ZEB1",N,9
170,"miR-34a,TWIST2,ZEB2,miR-200c,TGF-beta,SNAI2,miR-101,SNAI1,TWIST1,ZEB1",P,10
171,"miR-34a,TWIST2,ZEB2,miR-200c,TGF-beta,SNAI2,miR-101,SNAI1,TWIST1,FOXC2,ZEB1",P,11
172,"miR-34a,TWIST2,ZEB2,miR-200c,TGF-beta,SNAI2,miR-101,SNAI1,FOXC2,ZEB1",N,10
173,"miR-34a,TWIST2,ZEB2,miR-200c,TGF-beta,SNAI2,miR-101,ZEB1",N,8
174,"miR-34a,TWIST2,ZEB2,miR-200c,TGF-beta,SNAI1,miR-101,ZEB1",N,8
175,"miR-34a,TWIST2,ZEB2,miR-200c,TGF-beta,SNAI1",N,6
176,"miR-34a,TWIST2,ZEB2,miR-200c,TGF-beta,SNAI1,ZEB1",N,7
177,"miR-34a,TWIST2,ZEB2,miR-200c,TGF-beta,SNAI1,TWIST1,ZEB1",P,8
178,"miR-34a,TWIST2,ZEB2,miR-200c,TGF-beta,SNAI1,TWIST1,SNAI2,miR-200b,ZEB1",N,10
179,"miR-34a,TWIST2,ZEB2,miR-200c,TGF-beta,SNAI1,TWIST1,SNAI2,miR-101,ZEB1",N,10
180,"miR-34a,TWIST2,ZEB2,miR-200c,TGF-beta,SNAI1,TWIST1,FOXC2,ZEB1",P,9
181,"miR-34a,TWIST2,ZEB2,miR-200c,TGF-beta,SNAI1,SNAI2,miR-200b,ZEB1",P,9
182,"miR-34a,TWIST2,ZEB2,miR-200c,TGF-beta,SNAI1,SNAI2,miR-101,ZEB1",P,9
183,"miR-34a,TWIST2,ZEB2,miR-200c,TGF-beta,SNAI1,FOXC2,ZEB1",N,8
184,"miR-34a,TWIST2,ZEB2,miR-200c,TGF-beta,GSC,ZEB1",P,7
185,"miR-34a,TWIST2,ZEB2,miR-200c,TGF-beta,GSC,FOXC2,ZEB1",P,8
186,"miR-34a,TWIST2,ZEB2,miR-200c,TGF-beta,GSC,TWIST1,ZEB1",N,8
187,"miR-34a,TWIST2,ZEB2,miR-200c,TGF-beta,GSC,TWIST1,SNAI2,miR-200b,ZEB1",P,10
188,"miR-34a,TWIST2,ZEB2,miR-200c,TGF-beta,GSC,TWIST1,SNAI2,miR-101,SNAI1",P,10
189,"miR-34a,TWIST2,ZEB2,miR-200c,TGF-beta,GSC,TWIST1,SNAI2,miR-101,SNAI1,ZEB1",P,11
190,"miR-34a,TWIST2,ZEB2,miR-200c,TGF-beta,GSC,TWIST1,SNAI2,miR-101,SNAI1,FOXC2,ZEB1",P,12
191,"miR-34a,TWIST2,ZEB2,miR-200c,TGF-beta,GSC,TWIST1,SNAI2,miR-101,ZEB1",P,10
192,"miR-34a,TWIST2,ZEB2,miR-200c,TGF-beta,GSC,TWIST1,SNAI1,miR-101,ZEB1",P,10
193,"miR-34a,TWIST2,ZEB2,miR-200c,TGF-beta,GSC,TWIST1,SNAI1",P,8
194,"miR-34a,TWIST2,ZEB2,miR-200c,TGF-beta,GSC,TWIST1,SNAI1,ZEB1",P,9
195,"miR-34a,TWIST2,ZEB2,miR-200c,TGF-beta,GSC,TWIST1,SNAI1,SNAI2,miR-200b,ZEB1",N,11
196,"miR-34a,TWIST2,ZEB2,miR-200c,TGF-beta,GSC,TWIST1,SNAI1,SNAI2,miR-101,ZEB1",N,11
197,"miR-34a,TWIST2,ZEB2,miR-200c,TGF-beta,GSC,TWIST1,SNAI1,FOXC2,ZEB1",P,10
198,"miR-34a,TWIST2,ZEB2,miR-200c,TGF-beta,GSC,TWIST1,FOXC2,ZEB1",N,9
199,"miR-34a,TWIST2,ZEB2,miR-200c,TGF-beta,GSC,SNAI1,miR-101,ZEB1",N,9
200,"miR-34a,TWIST2,ZEB2,miR-200c,TGF-beta,GSC,SNAI1",N,7
201,"miR-34a,TWIST2,ZEB2,miR-200c,TGF-beta,GSC,SNAI1,ZEB1",N,8
202,"miR-34a,TWIST2,ZEB2,miR-200c,TGF-beta,GSC,SNAI1,TWIST1,ZEB1",P,9
203,"miR-34a,TWIST2,ZEB2,miR-200c,TGF-beta,GSC,SNAI1,TWIST1,SNAI2,miR-200b,ZEB1",N,11
204,"miR-34a,TWIST2,ZEB2,miR-200c,TGF-beta,GSC,SNAI1,TWIST1,SNAI2,miR-101,ZEB1",N,11
205,"miR-34a,TWIST2,ZEB2,miR-200c,TGF-beta,GSC,SNAI1,TWIST1,FOXC2,ZEB1",P,10
206,"miR-34a,TWIST2,ZEB2,miR-200c,TGF-beta,GSC,SNAI1,SNAI2,miR-200b,ZEB1",P,10
207,"miR-34a,TWIST2,ZEB2,miR-200c,TGF-beta,GSC,SNAI1,SNAI2,miR-101,ZEB1",P,10
208,"miR-34a,TWIST2,ZEB2,miR-200c,TGF-beta,GSC,SNAI1,FOXC2,ZEB1",N,9
209,"miR-34a,TWIST2,ZEB2,miR-200c,ZEB1",P,5
210,"miR-34a,TWIST2,ZEB2,miR-200c,ZEB1,miR-200a,TGF-beta,SNAI2,miR-101,SNAI1",P,10
211,"miR-34a,TWIST2,ZEB2,miR-200c,ZEB1,miR-200a,TGF-beta,SNAI1",P,8
212,"miR-34a,TWIST2,ZEB2,miR-200c,ZEB1,miR-200a,TGF-beta,GSC,TWIST1,SNAI2,miR-101,SNAI1",N,12
213,"miR-34a,TWIST2,ZEB2,miR-200c,ZEB1,miR-200a,TGF-beta,GSC,TWIST1,SNAI1",N,10
214,"miR-34a,TWIST2,ZEB2,miR-200c,ZEB1,miR-200a,TGF-beta,GSC,SNAI1",P,9
215,"miR-34a,TWIST2,ZEB2,miR-200c,ZEB1,miR-200b,TGF-beta,SNAI2,miR-101,SNAI1",N,10
216,"miR-34a,TWIST2,ZEB2,miR-200c,ZEB1,miR-200b,TGF-beta,SNAI1",N,8
217,"miR-34a,TWIST2,ZEB2,miR-200c,ZEB1,miR-200b,TGF-beta,GSC,TWIST1,SNAI2,miR-101,SNAI1",P,12
218,"miR-34a,TWIST2,ZEB2,miR-200c,ZEB1,miR-200b,TGF-beta,GSC,TWIST1,SNAI1",P,10
219,"miR-34a,TWIST2,ZEB2,miR-200c,ZEB1,miR-200b,TGF-beta,GSC,SNAI1",N,9
220,"miR-34a,TWIST2,ZEB2,miR-200c,ZEB1,miR-141,TGF-beta,SNAI2,miR-101,SNAI1",P,10
221,"miR-34a,TWIST2,ZEB2,miR-200c,ZEB1,miR-141,TGF-beta,SNAI1",P,8
222,"miR-34a,TWIST2,ZEB2,miR-200c,ZEB1,miR-141,TGF-beta,GSC,TWIST1,SNAI2,miR-101,SNAI1",N,12
223,"miR-34a,TWIST2,ZEB2,miR-200c,ZEB1,miR-141,TGF-beta,GSC,TWIST1,SNAI1",N,10
224,"miR-34a,TWIST2,ZEB2,miR-200c,ZEB1,miR-141,TGF-beta,GSC,SNAI1",P,9
225,"miR-34a,TWIST2,ZEB2,miR-200b,TGF-beta,SNAI2,miR-101,SNAI1",N,8
226,"miR-34a,TWIST2,ZEB2,miR-200b,TGF-beta,SNAI2,miR-101,SNAI1,ZEB1",N,9
227,"miR-34a,TWIST2,ZEB2,miR-200b,TGF-beta,SNAI2,miR-101,SNAI1,TWIST1,ZEB1",P,10
228,"miR-34a,TWIST2,ZEB2,miR-200b,TGF-beta,SNAI2,miR-101,SNAI1,TWIST1,FOXC2,ZEB1",P,11
229,"miR-34a,TWIST2,ZEB2,miR-200b,TGF-beta,SNAI2,miR-101,SNAI1,FOXC2,ZEB1",N,10
230,"miR-34a,TWIST2,ZEB2,miR-200b,TGF-beta,SNAI2,miR-101,ZEB1",N,8
231,"miR-34a,TWIST2,ZEB2,miR-200b,TGF-beta,SNAI1,miR-101,ZEB1",N,8
232,"miR-34a,TWIST2,ZEB2,miR-200b,TGF-beta,SNAI1",N,6
233,"miR-34a,TWIST2,ZEB2,miR-200b,TGF-beta,SNAI1,ZEB1",N,7
234,"miR-34a,TWIST2,ZEB2,miR-200b,TGF-beta,SNAI1,TWIST1,ZEB1",P,8
235,"miR-34a,TWIST2,ZEB2,miR-200b,TGF-beta,SNAI1,TWIST1,SNAI2,miR-101,ZEB1",N,10
236,"miR-34a,TWIST2,ZEB2,miR-200b,TGF-beta,SNAI1,TWIST1,FOXC2,ZEB1",P,9
237,"miR-34a,TWIST2,ZEB2,miR-200b,TGF-beta,SNAI1,SNAI2,miR-101,ZEB1",P,9
238,"miR-34a,TWIST2,ZEB2,miR-200b,TGF-beta,SNAI1,FOXC2,ZEB1",N,8
239,"miR-34a,TWIST2,ZEB2,miR-200b,TGF-beta,GSC,ZEB1",P,7
240,"miR-34a,TWIST2,ZEB2,miR-200b,TGF-beta,GSC,FOXC2,ZEB1",P,8
241,"miR-34a,TWIST2,ZEB2,miR-200b,TGF-beta,GSC,TWIST1,ZEB1",N,8
242,"miR-34a,TWIST2,ZEB2,miR-200b,TGF-beta,GSC,TWIST1,SNAI2,miR-101,SNAI1",P,10
243,"miR-34a,TWIST2,ZEB2,miR-200b,TGF-beta,GSC,TWIST1,SNAI2,miR-101,SNAI1,ZEB1",P,11
244,"miR-34a,TWIST2,ZEB2,miR-200b,TGF-beta,GSC,TWIST1,SNAI2,miR-101,SNAI1,FOXC2,ZEB1",P,12
245,"miR-34a,TWIST2,ZEB2,miR-200b,TGF-beta,GSC,TWIST1,SNAI2,miR-101,ZEB1",P,10
246,"miR-34a,TWIST2,ZEB2,miR-200b,TGF-beta,GSC,TWIST1,SNAI1,miR-101,ZEB1",P,10
247,"miR-34a,TWIST2,ZEB2,miR-200b,TGF-beta,GSC,TWIST1,SNAI1",P,8
248,"miR-34a,TWIST2,ZEB2,miR-200b,TGF-beta,GSC,TWIST1,SNAI1,ZEB1",P,9
249,"miR-34a,TWIST2,ZEB2,miR-200b,TGF-beta,GSC,TWIST1,SNAI1,SNAI2,miR-101,ZEB1",N,11
250,"miR-34a,TWIST2,ZEB2,miR-200b,TGF-beta,GSC,TWIST1,SNAI1,FOXC2,ZEB1",P,10
251,"miR-34a,TWIST2,ZEB2,miR-200b,TGF-beta,GSC,TWIST1,FOXC2,ZEB1",N,9
252,"miR-34a,TWIST2,ZEB2,miR-200b,TGF-beta,GSC,SNAI1,miR-101,ZEB1",N,9
253,"miR-34a,TWIST2,ZEB2,miR-200b,TGF-beta,GSC,SNAI1",N,7
254,"miR-34a,TWIST2,ZEB2,miR-200b,TGF-beta,GSC,SNAI1,ZEB1",N,8
255,"miR-34a,TWIST2,ZEB2,miR-200b,TGF-beta,GSC,SNAI1,TWIST1,ZEB1",P,9
256,"miR-34a,TWIST2,ZEB2,miR-200b,TGF-beta,GSC,SNAI1,TWIST1,SNAI2,miR-101,ZEB1",N,11
257,"miR-34a,TWIST2,ZEB2,miR-200b,TGF-beta,GSC,SNAI1,TWIST1,FOXC2,ZEB1",P,10
258,"miR-34a,TWIST2,ZEB2,miR-200b,TGF-beta,GSC,SNAI1,SNAI2,miR-101,ZEB1",P,10
259,"miR-34a,TWIST2,ZEB2,miR-200b,TGF-beta,GSC,SNAI1,FOXC2,ZEB1",N,9
260,"miR-34a,TWIST2,ZEB2,miR-200b,ZEB1",N,5
261,"miR-34a,TWIST2,ZEB2,miR-200b,ZEB1,miR-200a,TGF-beta,SNAI2,miR-101,SNAI1",N,10
262,"miR-34a,TWIST2,ZEB2,miR-200b,ZEB1,miR-200a,TGF-beta,SNAI1",N,8
263,"miR-34a,TWIST2,ZEB2,miR-200b,ZEB1,miR-200a,TGF-beta,GSC,TWIST1,SNAI2,miR-101,SNAI1",P,12
264,"miR-34a,TWIST2,ZEB2,miR-200b,ZEB1,miR-200a,TGF-beta,GSC,TWIST1,SNAI1",P,10
265,"miR-34a,TWIST2,ZEB2,miR-200b,ZEB1,miR-200a,TGF-beta,GSC,SNAI1",N,9
266,"miR-34a,TWIST2,ZEB2,miR-200b,ZEB1,miR-200c,TGF-beta,SNAI2,miR-101,SNAI1",N,10
267,"miR-34a,TWIST2,ZEB2,miR-200b,ZEB1,miR-200c,TGF-beta,SNAI1",N,8
268,"miR-34a,TWIST2,ZEB2,miR-200b,ZEB1,miR-200c,TGF-beta,GSC,TWIST1,SNAI2,miR-101,SNAI1",P,12
269,"miR-34a,TWIST2,ZEB2,miR-200b,ZEB1,miR-200c,TGF-beta,GSC,TWIST1,SNAI1",P,10
270,"miR-34a,TWIST2,ZEB2,miR-200b,ZEB1,miR-200c,TGF-beta,GSC,SNAI1",N,9
271,"miR-34a,TWIST2,ZEB2,miR-200b,ZEB1,miR-141,TGF-beta,SNAI2,miR-101,SNAI1",N,10
272,"miR-34a,TWIST2,ZEB2,miR-200b,ZEB1,miR-141,TGF-beta,SNAI1",N,8
273,"miR-34a,TWIST2,ZEB2,miR-200b,ZEB1,miR-141,TGF-beta,GSC,TWIST1,SNAI2,miR-101,SNAI1",P,12
274,"miR-34a,TWIST2,ZEB2,miR-200b,ZEB1,miR-141,TGF-beta,GSC,TWIST1,SNAI1",P,10
275,"miR-34a,TWIST2,ZEB2,miR-200b,ZEB1,miR-141,TGF-beta,GSC,SNAI1",N,9
276,"miR-34a,TWIST2,ZEB1",N,3
277,"miR-34a,TWIST2,ZEB1,miR-200a,TGF-beta,SNAI2,miR-101,SNAI1",N,8
278,"miR-34a,TWIST2,ZEB1,miR-200a,TGF-beta,SNAI1",N,6
279,"miR-34a,TWIST2,ZEB1,miR-200a,TGF-beta,GSC,TWIST1,SNAI2,miR-101,SNAI1",P,10
280,"miR-34a,TWIST2,ZEB1,miR-200a,TGF-beta,GSC,TWIST1,SNAI1",P,8
281,"miR-34a,TWIST2,ZEB1,miR-200a,TGF-beta,GSC,SNAI1",N,7
282,"miR-34a,TWIST2,ZEB1,miR-200a,ZEB2,miR-200c,TGF-beta,SNAI2,miR-101,SNAI1",P,10
283,"miR-34a,TWIST2,ZEB1,miR-200a,ZEB2,miR-200c,TGF-beta,SNAI1",P,8
284,"miR-34a,TWIST2,ZEB1,miR-200a,ZEB2,miR-200c,TGF-beta,GSC,TWIST1,SNAI2,miR-101,SNAI1",N,12
285,"miR-34a,TWIST2,ZEB1,miR-200a,ZEB2,miR-200c,TGF-beta,GSC,TWIST1,SNAI1",N,10
286,"miR-34a,TWIST2,ZEB1,miR-200a,ZEB2,miR-200c,TGF-beta,GSC,SNAI1",P,9
287,"miR-34a,TWIST2,ZEB1,miR-200a,ZEB2,miR-200b,TGF-beta,SNAI2,miR-101,SNAI1",P,10
288,"miR-34a,TWIST2,ZEB1,miR-200a,ZEB2,miR-200b,TGF-beta,SNAI1",P,8
289,"miR-34a,TWIST2,ZEB1,miR-200a,ZEB2,miR-200b,TGF-beta,GSC,TWIST1,SNAI2,miR-101,SNAI1",N,12
290,"miR-34a,TWIST2,ZEB1,miR-200a,ZEB2,miR-200b,TGF-beta,GSC,TWIST1,SNAI1",N,10
291,"miR-34a,TWIST2,ZEB1,miR-200a,ZEB2,miR-200b,TGF-beta,GSC,SNAI1",P,9
292,"miR-34a,TWIST2,ZEB1,miR-200c,TGF-beta,SNAI2,miR-101,SNAI1",N,8
293,"miR-34a,TWIST2,ZEB1,miR-200c,TGF-beta,SNAI1",N,6
294,"miR-34a,TWIST2,ZEB1,miR-200c,TGF-beta,GSC,TWIST1,SNAI2,miR-101,SNAI1",P,10
295,"miR-34a,TWIST2,ZEB1,miR-200c,TGF-beta,GSC,TWIST1,SNAI1",P,8
296,"miR-34a,TWIST2,ZEB1,miR-200c,TGF-beta,GSC,SNAI1",N,7
297,"miR-34a,TWIST2,ZEB1,miR-200c,ZEB2,miR-200a,TGF-beta,SNAI2,miR-101,SNAI1",P,10
298,"miR-34a,TWIST2,ZEB1,miR-200c,ZEB2,miR-200a,TGF-beta,SNAI1",P,8
299,"miR-34a,TWIST2,ZEB1,miR-200c,ZEB2,miR-200a,TGF-beta,GSC,TWIST1,SNAI2,miR-101,SNAI1",N,12
300,"miR-34a,TWIST2,ZEB1,miR-200c,ZEB2,miR-200a,TGF-beta,GSC,TWIST1,SNAI1",N,10
301,"miR-34a,TWIST2,ZEB1,miR-200c,ZEB2,miR-200a,TGF-beta,GSC,SNAI1",P,9
302,"miR-34a,TWIST2,ZEB1,miR-200c,ZEB2,miR-200b,TGF-beta,SNAI2,miR-101,SNAI1",P,10
303,"miR-34a,TWIST2,ZEB1,miR-200c,ZEB2,miR-200b,TGF-beta,SNAI1",P,8
304,"miR-34a,TWIST2,ZEB1,miR-200c,ZEB2,miR-200b,TGF-beta,GSC,TWIST1,SNAI2,miR-101,SNAI1",N,12
305,"miR-34a,TWIST2,ZEB1,miR-200c,ZEB2,miR-200b,TGF-beta,GSC,TWIST1,SNAI1",N,10
306,"miR-34a,TWIST2,ZEB1,miR-200c,ZEB2,miR-200b,TGF-beta,GSC,SNAI1",P,9
307,"miR-34a,TWIST2,ZEB1,miR-200b,TGF-beta,SNAI2,miR-101,SNAI1",P,8
308,"miR-34a,TWIST2,ZEB1,miR-200b,TGF-beta,SNAI1",P,6
309,"miR-34a,TWIST2,ZEB1,miR-200b,TGF-beta,GSC,TWIST1,SNAI2,miR-101,SNAI1",N,10
310,"miR-34a,TWIST2,ZEB1,miR-200b,TGF-beta,GSC,TWIST1,SNAI1",N,8
311,"miR-34a,TWIST2,ZEB1,miR-200b,TGF-beta,GSC,SNAI1",P,7
312,"miR-34a,TWIST2,ZEB1,miR-200b,ZEB2,miR-200a,TGF-beta,SNAI2,miR-101,SNAI1",N,10
313,"miR-34a,TWIST2,ZEB1,miR-200b,ZEB2,miR-200a,TGF-beta,SNAI1",N,8
314,"miR-34a,TWIST2,ZEB1,miR-200b,ZEB2,miR-200a,TGF-beta,GSC,TWIST1,SNAI2,miR-101,SNAI1",P,12
315,"miR-34a,TWIST2,ZEB1,miR-200b,ZEB2,miR-200a,TGF-beta,GSC,TWIST1,SNAI1",P,10
316,"miR-34a,TWIST2,ZEB1,miR-200b,ZEB2,miR-200a,TGF-beta,GSC,SNAI1",N,9
317,"miR-34a,TWIST2,ZEB1,miR-200b,ZEB2,miR-200c,TGF-beta,SNAI2,miR-101,SNAI1",N,10
318,"miR-34a,TWIST2,ZEB1,miR-200b,ZEB2,miR-200c,TGF-beta,SNAI1",N,8
319,"miR-34a,TWIST2,ZEB1,miR-200b,ZEB2,miR-200c,TGF-beta,GSC,TWIST1,SNAI2,miR-101,SNAI1",P,12
320,"miR-34a,TWIST2,ZEB1,miR-200b,ZEB2,miR-200c,TGF-beta,GSC,TWIST1,SNAI1",P,10
321,"miR-34a,TWIST2,ZEB1,miR-200b,ZEB2,miR-200c,TGF-beta,GSC,SNAI1",N,9
322,"miR-34a,TWIST2,ZEB1,miR-141,TGF-beta,SNAI2,miR-101,SNAI1",N,8
323,"miR-34a,TWIST2,ZEB1,miR-141,TGF-beta,SNAI1",N,6
324,"miR-34a,TWIST2,ZEB1,miR-141,TGF-beta,GSC,TWIST1,SNAI2,miR-101,SNAI1",P,10
325,"miR-34a,TWIST2,ZEB1,miR-141,TGF-beta,GSC,TWIST1,SNAI1",P,8
326,"miR-34a,TWIST2,ZEB1,miR-141,TGF-beta,GSC,SNAI1",N,7
327,"miR-34a,TWIST2,ZEB1,miR-141,ZEB2,miR-200a,TGF-beta,SNAI2,miR-101,SNAI1",N,10
328,"miR-34a,TWIST2,ZEB1,miR-141,ZEB2,miR-200a,TGF-beta,SNAI1",N,8
329,"miR-34a,TWIST2,ZEB1,miR-141,ZEB2,miR-200a,TGF-beta,GSC,TWIST1,SNAI2,miR-101,SNAI1",P,12
330,"miR-34a,TWIST2,ZEB1,miR-141,ZEB2,miR-200a,TGF-beta,GSC,TWIST1,SNAI1",P,10
331,"miR-34a,TWIST2,ZEB1,miR-141,ZEB2,miR-200a,TGF-beta,GSC,SNAI1",N,9
332,"miR-34a,TWIST2,ZEB1,miR-141,ZEB2,miR-200c,TGF-beta,SNAI2,miR-101,SNAI1",N,10
333,"miR-34a,TWIST2,ZEB1,miR-141,ZEB2,miR-200c,TGF-beta,SNAI1",N,8
334,"miR-34a,TWIST2,ZEB1,miR-141,ZEB2,miR-200c,TGF-beta,GSC,TWIST1,SNAI2,miR-101,SNAI1",P,12
335,"miR-34a,TWIST2,ZEB1,miR-141,ZEB2,miR-200c,TGF-beta,GSC,TWIST1,SNAI1",P,10
336,"miR-34a,TWIST2,ZEB1,miR-141,ZEB2,miR-200c,TGF-beta,GSC,SNAI1",N,9
337,"miR-34a,TWIST2,ZEB1,miR-141,ZEB2,miR-200b,TGF-beta,SNAI2,miR-101,SNAI1",N,10
338,"miR-34a,TWIST2,ZEB1,miR-141,ZEB2,miR-200b,TGF-beta,SNAI1",N,8
339,"miR-34a,TWIST2,ZEB1,miR-141,ZEB2,miR-200b,TGF-beta,GSC,TWIST1,SNAI2,miR-101,SNAI1",P,12
340,"miR-34a,TWIST2,ZEB1,miR-141,ZEB2,miR-200b,TGF-beta,GSC,TWIST1,SNAI1",P,10
341,"miR-34a,TWIST2,ZEB1,miR-141,ZEB2,miR-200b,TGF-beta,GSC,SNAI1",N,9
342,"miR-34a,TWIST2,TWIST1,ZEB2,miR-200a,TGF-beta,SNAI2,miR-200b,ZEB1",N,9
343,"miR-34a,TWIST2,TWIST1,ZEB2,miR-200a,TGF-beta,SNAI2,miR-101,SNAI1",N,9
344,"miR-34a,TWIST2,TWIST1,ZEB2,miR-200a,TGF-beta,SNAI2,miR-101,SNAI1,ZEB1",N,10
345,"miR-34a,TWIST2,TWIST1,ZEB2,miR-200a,TGF-beta,SNAI2,miR-101,SNAI1,FOXC2,ZEB1",N,11
346,"miR-34a,TWIST2,TWIST1,ZEB2,miR-200a,TGF-beta,SNAI2,miR-101,ZEB1",N,9
347,"miR-34a,TWIST2,TWIST1,ZEB2,miR-200a,TGF-beta,SNAI1,miR-101,ZEB1",N,9
348,"miR-34a,TWIST2,TWIST1,ZEB2,miR-200a,TGF-beta,SNAI1",N,7
349,"miR-34a,TWIST2,TWIST1,ZEB2,miR-200a,TGF-beta,SNAI1,ZEB1",N,8
350,"miR-34a,TWIST2,TWIST1,ZEB2,miR-200a,TGF-beta,SNAI1,SNAI2,miR-200b,ZEB1",P,10
351,"miR-34a,TWIST2,TWIST1,ZEB2,miR-200a,TGF-beta,SNAI1,SNAI2,miR-101,ZEB1",P,10
352,"miR-34a,TWIST2,TWIST1,ZEB2,miR-200a,TGF-beta,SNAI1,FOXC2,ZEB1",N,9
353,"miR-34a,TWIST2,TWIST1,ZEB2,miR-200a,TGF-beta,GSC,ZEB1",P,8
354,"miR-34a,TWIST2,TWIST1,ZEB2,miR-200a,TGF-beta,GSC,FOXC2,ZEB1",P,9
355,"miR-34a,TWIST2,TWIST1,ZEB2,miR-200a,TGF-beta,GSC,SNAI1,miR-101,ZEB1",N,10
356,"miR-34a,TWIST2,TWIST1,ZEB2,miR-200a,TGF-beta,GSC,SNAI1",N,8
357,"miR-34a,TWIST2,TWIST1,ZEB2,miR-200a,TGF-beta,GSC,SNAI1,ZEB1",N,9
358,"miR-34a,TWIST2,TWIST1,ZEB2,miR-200a,TGF-beta,GSC,SNAI1,SNAI2,miR-200b,ZEB1",P,11
359,"miR-34a,TWIST2,TWIST1,ZEB2,miR-200a,TGF-beta,GSC,SNAI1,SNAI2,miR-101,ZEB1",P,11
360,"miR-34a,TWIST2,TWIST1,ZEB2,miR-200a,TGF-beta,GSC,SNAI1,FOXC2,ZEB1",N,10
361,"miR-34a,TWIST2,TWIST1,ZEB2,miR-200a,ZEB1",P,6
362,"miR-34a,TWIST2,TWIST1,ZEB2,miR-200a,ZEB1,miR-200c,TGF-beta,SNAI2,miR-101,SNAI1",P,11
363,"miR-34a,TWIST2,TWIST1,ZEB2,miR-200a,ZEB1,miR-200c,TGF-beta,SNAI1",P,9
364,"miR-34a,TWIST2,TWIST1,ZEB2,miR-200a,ZEB1,miR-200c,TGF-beta,GSC,SNAI1",P,10
365,"miR-34a,TWIST2,TWIST1,ZEB2,miR-200a,ZEB1,miR-200b,TGF-beta,SNAI2,miR-101,SNAI1",N,11
366,"miR-34a,TWIST2,TWIST1,ZEB2,miR-200a,ZEB1,miR-200b,TGF-beta,SNAI1",N,9
367,"miR-34a,TWIST2,TWIST1,ZEB2,miR-200a,ZEB1,miR-200b,TGF-beta,GSC,SNAI1",N,10
368,"miR-34a,TWIST2,TWIST1,ZEB2,miR-200a,ZEB1,miR-141,TGF-beta,SNAI2,miR-101,SNAI1",P,11
369,"miR-34a,TWIST2,TWIST1,ZEB2,miR-200a,ZEB1,miR-141,TGF-beta,SNAI1",P,9
370,"miR-34a,TWIST2,TWIST1,ZEB2,miR-200a,ZEB1,miR-141,TGF-beta,GSC,SNAI1",P,10
371,"miR-34a,TWIST2,TWIST1,ZEB2,miR-200c,TGF-beta,SNAI2,miR-200b,ZEB1",N,9
372,"miR-34a,TWIST2,TWIST1,ZEB2,miR-200c,TGF-beta,SNAI2,miR-101,SNAI1",N,9
373,"miR-34a,TWIST2,TWIST1,ZEB2,miR-200c,TGF-beta,SNAI2,miR-101,SNAI1,ZEB1",N,10
374,"miR-34a,TWIST2,TWIST1,ZEB2,miR-200c,TGF-beta,SNAI2,miR-101,SNAI1,FOXC2,ZEB1",N,11
375,"miR-34a,TWIST2,TWIST1,ZEB2,miR-200c,TGF-beta,SNAI2,miR-101,ZEB1",N,9
376,"miR-34a,TWIST2,TWIST1,ZEB2,miR-200c,TGF-beta,SNAI1,miR-101,ZEB1",N,9
377,"miR-34a,TWIST2,TWIST1,ZEB2,miR-200c,TGF-beta,SNAI1",N,7
378,"miR-34a,TWIST2,TWIST1,ZEB2,miR-200c,TGF-beta,SNAI1,ZEB1",N,8
379,"miR-34a,TWIST2,TWIST1,ZEB2,miR-200c,TGF-beta,SNAI1,SNAI2,miR-200b,ZEB1",P,10
380,"miR-34a,TWIST2,TWIST1,ZEB2,miR-200c,TGF-beta,SNAI1,SNAI2,miR-101,ZEB1",P,10
381,"miR-34a,TWIST2,TWIST1,ZEB2,miR-200c,TGF-beta,SNAI1,FOXC2,ZEB1",N,9
382,"miR-34a,TWIST2,TWIST1,ZEB2,miR-200c,TGF-beta,GSC,ZEB1",P,8
383,"miR-34a,TWIST2,TWIST1,ZEB2,miR-200c,TGF-beta,GSC,FOXC2,ZEB1",P,9
384,"miR-34a,TWIST2,TWIST1,ZEB2,miR-200c,TGF-beta,GSC,SNAI1,miR-101,ZEB1",N,10
385,"miR-34a,TWIST2,TWIST1,ZEB2,miR-200c,TGF-beta,GSC,SNAI1",N,8
386,"miR-34a,TWIST2,TWIST1,ZEB2,miR-200c,TGF-beta,GSC,SNAI1,ZEB1",N,9
387,"miR-34a,TWIST2,TWIST1,ZEB2,miR-200c,TGF-beta,GSC,SNAI1,SNAI2,miR-200b,ZEB1",P,11
388,"miR-34a,TWIST2,TWIST1,ZEB2,miR-200c,TGF-beta,GSC,SNAI1,SNAI2,miR-101,ZEB1",P,11
389,"miR-34a,TWIST2,TWIST1,ZEB2,miR-200c,TGF-beta,GSC,SNAI1,FOXC2,ZEB1",N,10
390,"miR-34a,TWIST2,TWIST1,ZEB2,miR-200c,ZEB1",P,6
391,"miR-34a,TWIST2,TWIST1,ZEB2,miR-200c,ZEB1,miR-200a,TGF-beta,SNAI2,miR-101,SNAI1",P,11
392,"miR-34a,TWIST2,TWIST1,ZEB2,miR-200c,ZEB1,miR-200a,TGF-beta,SNAI1",P,9
393,"miR-34a,TWIST2,TWIST1,ZEB2,miR-200c,ZEB1,miR-200a,TGF-beta,GSC,SNAI1",P,10
394,"miR-34a,TWIST2,TWIST1,ZEB2,miR-200c,ZEB1,miR-200b,TGF-beta,SNAI2,miR-101,SNAI1",N,11
395,"miR-34a,TWIST2,TWIST1,ZEB2,miR-200c,ZEB1,miR-200b,TGF-beta,SNAI1",N,9
396,"miR-34a,TWIST2,TWIST1,ZEB2,miR-200c,ZEB1,miR-200b,TGF-beta,GSC,SNAI1",N,10
397,"miR-34a,TWIST2,TWIST1,ZEB2,miR-200c,ZEB1,miR-141,TGF-beta,SNAI2,miR-101,SNAI1",P,11
398,"miR-34a,TWIST2,TWIST1,ZEB2,miR-200c,ZEB1,miR-141,TGF-beta,SNAI1",P,9
399,"miR-34a,TWIST2,TWIST1,ZEB2,miR-200c,ZEB1,miR-141,TGF-beta,GSC,SNAI1",P,10
400,"miR-34a,TWIST2,TWIST1,ZEB2,miR-200b,TGF-beta,SNAI2,miR-101,SNAI1",N,9
401,"miR-34a,TWIST2,TWIST1,ZEB2,miR-200b,TGF-beta,SNAI2,miR-101,SNAI1,ZEB1",N,10
402,"miR-34a,TWIST2,TWIST1,ZEB2,miR-200b,TGF-beta,SNAI2,miR-101,SNAI1,FOXC2,ZEB1",N,11
403,"miR-34a,TWIST2,TWIST1,ZEB2,miR-200b,TGF-beta,SNAI2,miR-101,ZEB1",N,9
404,"miR-34a,TWIST2,TWIST1,ZEB2,miR-200b,TGF-beta,SNAI1,miR-101,ZEB1",N,9
405,"miR-34a,TWIST2,TWIST1,ZEB2,miR-200b,TGF-beta,SNAI1",N,7
406,"miR-34a,TWIST2,TWIST1,ZEB2,miR-200b,TGF-beta,SNAI1,ZEB1",N,8
407,"miR-34a,TWIST2,TWIST1,ZEB2,miR-200b,TGF-beta,SNAI1,SNAI2,miR-101,ZEB1",P,10
408,"miR-34a,TWIST2,TWIST1,ZEB2,miR-200b,TGF-beta,SNAI1,FOXC2,ZEB1",N,9
409,"miR-34a,TWIST2,TWIST1,ZEB2,miR-200b,TGF-beta,GSC,ZEB1",P,8
410,"miR-34a,TWIST2,TWIST1,ZEB2,miR-200b,TGF-beta,GSC,FOXC2,ZEB1",P,9
411,"miR-34a,TWIST2,TWIST1,ZEB2,miR-200b,TGF-beta,GSC,SNAI1,miR-101,ZEB1",N,10
412,"miR-34a,TWIST2,TWIST1,ZEB2,miR-200b,TGF-beta,GSC,SNAI1",N,8
413,"miR-34a,TWIST2,TWIST1,ZEB2,miR-200b,TGF-beta,GSC,SNAI1,ZEB1",N,9
414,"miR-34a,TWIST2,TWIST1,ZEB2,miR-200b,TGF-beta,GSC,SNAI1,SNAI2,miR-101,ZEB1",P,11
415,"miR-34a,TWIST2,TWIST1,ZEB2,miR-200b,TGF-beta,GSC,SNAI1,FOXC2,ZEB1",N,10
416,"miR-34a,TWIST2,TWIST1,ZEB2,miR-200b,ZEB1",N,6
417,"miR-34a,TWIST2,TWIST1,ZEB2,miR-200b,ZEB1,miR-200a,TGF-beta,SNAI2,miR-101,SNAI1",N,11
418,"miR-34a,TWIST2,TWIST1,ZEB2,miR-200b,ZEB1,miR-200a,TGF-beta,SNAI1",N,9
419,"miR-34a,TWIST2,TWIST1,ZEB2,miR-200b,ZEB1,miR-200a,TGF-beta,GSC,SNAI1",N,10
420,"miR-34a,TWIST2,TWIST1,ZEB2,miR-200b,ZEB1,miR-200c,TGF-beta,SNAI2,miR-101,SNAI1",N,11
421,"miR-34a,TWIST2,TWIST1,ZEB2,miR-200b,ZEB1,miR-200c,TGF-beta,SNAI1",N,9
422,"miR-34a,TWIST2,TWIST1,ZEB2,miR-200b,ZEB1,miR-200c,TGF-beta,GSC,SNAI1",N,10
423,"miR-34a,TWIST2,TWIST1,ZEB2,miR-200b,ZEB1,miR-141,TGF-beta,SNAI2,miR-101,SNAI1",N,11
424,"miR-34a,TWIST2,TWIST1,ZEB2,miR-200b,ZEB1,miR-141,TGF-beta,SNAI1",N,9
425,"miR-34a,TWIST2,TWIST1,ZEB2,miR-200b,ZEB1,miR-141,TGF-beta,GSC,SNAI1",N,10
426,"miR-34a,TWIST2,TWIST1,ZEB1",P,4
427,"miR-34a,TWIST2,TWIST1,ZEB1,miR-200a,TGF-beta,SNAI2,miR-101,SNAI1",P,9
428,"miR-34a,TWIST2,TWIST1,ZEB1,miR-200a,TGF-beta,SNAI1",P,7
429,"miR-34a,TWIST2,TWIST1,ZEB1,miR-200a,TGF-beta,GSC,SNAI1",P,8
430,"miR-34a,TWIST2,TWIST1,ZEB1,miR-200a,ZEB2,miR-200c,TGF-beta,SNAI2,miR-101,SNAI1",N,11
431,"miR-34a,TWIST2,TWIST1,ZEB1,miR-200a,ZEB2,miR-200c,TGF-beta,SNAI1",N,9
432,"miR-34a,TWIST2,TWIST1,ZEB1,miR-200a,ZEB2,miR-200c,TGF-beta,GSC,SNAI1",N,10
433,"miR-34a,TWIST2,TWIST1,ZEB1,miR-200a,ZEB2,miR-200b,TGF-beta,SNAI2,miR-101,SNAI1",N,11
434,"miR-34a,TWIST2,TWIST1,ZEB1,miR-200a,ZEB2,miR-200b,TGF-beta,SNAI1",N,9
435,"miR-34a,TWIST2,TWIST1,ZEB1,miR-200a,ZEB2,miR-200b,TGF-beta,GSC,SNAI1",N,10
436,"miR-34a,TWIST2,TWIST1,ZEB1,miR-200c,TGF-beta,SNAI2,miR-101,SNAI1",P,9
437,"miR-34a,TWIST2,TWIST1,ZEB1,miR-200c,TGF-beta,SNAI1",P,7
438,"miR-34a,TWIST2,TWIST1,ZEB1,miR-200c,TGF-beta,GSC,SNAI1",P,8
439,"miR-34a,TWIST2,TWIST1,ZEB1,miR-200c,ZEB2,miR-200a,TGF-beta,SNAI2,miR-101,SNAI1",N,11
440,"miR-34a,TWIST2,TWIST1,ZEB1,miR-200c,ZEB2,miR-200a,TGF-beta,SNAI1",N,9
441,"miR-34a,TWIST2,TWIST1,ZEB1,miR-200c,ZEB2,miR-200a,TGF-beta,GSC,SNAI1",N,10
442,"miR-34a,TWIST2,TWIST1,ZEB1,miR-200c,ZEB2,miR-200b,TGF-beta,SNAI2,miR-101,SNAI1",N,11
443,"miR-34a,TWIST2,TWIST1,ZEB1,miR-200c,ZEB2,miR-200b,TGF-beta,SNAI1",N,9
444,"miR-34a,TWIST2,TWIST1,ZEB1,miR-200c,ZEB2,miR-200b,TGF-beta,GSC,SNAI1",N,10
445,"miR-34a,TWIST2,TWIST1,ZEB1,miR-200b,TGF-beta,SNAI2,miR-101,SNAI1",N,9
446,"miR-34a,TWIST2,TWIST1,ZEB1,miR-200b,TGF-beta,SNAI1",N,7
447,"miR-34a,TWIST2,TWIST1,ZEB1,miR-200b,TGF-beta,GSC,SNAI1",N,8
448,"miR-34a,TWIST2,TWIST1,ZEB1,miR-200b,ZEB2,miR-200a,TGF-beta,SNAI2,miR-101,SNAI1",P,11
449,"miR-34a,TWIST2,TWIST1,ZEB1,miR-200b,ZEB2,miR-200a,TGF-beta,SNAI1",P,9
450,"miR-34a,TWIST2,TWIST1,ZEB1,miR-200b,ZEB2,miR-200a,TGF-beta,GSC,SNAI1",P,10
451,"miR-34a,TWIST2,TWIST1,ZEB1,miR-200b,ZEB2,miR-200c,TGF-beta,SNAI2,miR-101,SNAI1",P,11
452,"miR-34a,TWIST2,TWIST1,ZEB1,miR-200b,ZEB2,miR-200c,TGF-beta,SNAI1",P,9
453,"miR-34a,TWIST2,TWIST1,ZEB1,miR-200b,ZEB2,miR-200c,TGF-beta,GSC,SNAI1",P,10
454,"miR-34a,TWIST2,TWIST1,ZEB1,miR-141,TGF-beta,SNAI2,miR-101,SNAI1",P,9
455,"miR-34a,TWIST2,TWIST1,ZEB1,miR-141,TGF-beta,SNAI1",P,7
456,"miR-34a,TWIST2,TWIST1,ZEB1,miR-141,TGF-beta,GSC,SNAI1",P,8
457,"miR-34a,TWIST2,TWIST1,ZEB1,miR-141,ZEB2,miR-200a,TGF-beta,SNAI2,miR-101,SNAI1",P,11
458,"miR-34a,TWIST2,TWIST1,ZEB1,miR-141,ZEB2,miR-200a,TGF-beta,SNAI1",P,9
459,"miR-34a,TWIST2,TWIST1,ZEB1,miR-141,ZEB2,miR-200a,TGF-beta,GSC,SNAI1",P,10
460,"miR-34a,TWIST2,TWIST1,ZEB1,miR-141,ZEB2,miR-200c,TGF-beta,SNAI2,miR-101,SNAI1",P,11
461,"miR-34a,TWIST2,TWIST1,ZEB1,miR-141,ZEB2,miR-200c,TGF-beta,SNAI1",P,9
462,"miR-34a,TWIST2,TWIST1,ZEB1,miR-141,ZEB2,miR-200c,TGF-beta,GSC,SNAI1",P,10
463,"miR-34a,TWIST2,TWIST1,ZEB1,miR-141,ZEB2,miR-200b,TGF-beta,SNAI2,miR-101,SNAI1",P,11
464,"miR-34a,TWIST2,TWIST1,ZEB1,miR-141,ZEB2,miR-200b,TGF-beta,SNAI1",P,9
465,"miR-34a,TWIST2,TWIST1,ZEB1,miR-141,ZEB2,miR-200b,TGF-beta,GSC,SNAI1",P,10
466,"miR-34a,TWIST2,TWIST1,SNAI2,miR-200b,TGF-beta,SNAI1,miR-101,ZEB2,miR-200a,ZEB1",P,11
467,"miR-34a,TWIST2,TWIST1,SNAI2,miR-200b,TGF-beta,SNAI1,miR-101,ZEB2,miR-200c,ZEB1",P,11
468,"miR-34a,TWIST2,TWIST1,SNAI2,miR-200b,TGF-beta,SNAI1,miR-101,ZEB1",N,9
469,"miR-34a,TWIST2,TWIST1,SNAI2,miR-200b,TGF-beta,SNAI1",N,7
470,"miR-34a,TWIST2,TWIST1,SNAI2,miR-200b,TGF-beta,SNAI1,ZEB2,miR-200a,ZEB1",N,10
471,"miR-34a,TWIST2,TWIST1,SNAI2,miR-200b,TGF-beta,SNAI1,ZEB2,miR-200c,ZEB1",N,10
472,"miR-34a,TWIST2,TWIST1,SNAI2,miR-200b,TGF-beta,SNAI1,ZEB1",N,8
473,"miR-34a,TWIST2,TWIST1,SNAI2,miR-200b,TGF-beta,SNAI1,FOXC2,ZEB1",N,9
474,"miR-34a,TWIST2,TWIST1,SNAI2,miR-200b,TGF-beta,GSC,ZEB2,miR-200a,ZEB1",P,10
475,"miR-34a,TWIST2,TWIST1,SNAI2,miR-200b,TGF-beta,GSC,ZEB2,miR-200c,ZEB1",P,10
476,"miR-34a,TWIST2,TWIST1,SNAI2,miR-200b,TGF-beta,GSC,ZEB1",P,8
477,"miR-34a,TWIST2,TWIST1,SNAI2,miR-200b,TGF-beta,GSC,FOXC2,ZEB1",P,9
478,"miR-34a,TWIST2,TWIST1,SNAI2,miR-200b,TGF-beta,GSC,SNAI1,miR-101,ZEB2,miR-200a,ZEB1",P,12
479,"miR-34a,TWIST2,TWIST1,SNAI2,miR-200b,TGF-beta,GSC,SNAI1,miR-101,ZEB2,miR-200c,ZEB1",P,12
480,"miR-34a,TWIST2,TWIST1,SNAI2,miR-200b,TGF-beta,GSC,SNAI1,miR-101,ZEB1",N,10
481,"miR-34a,TWIST2,TWIST1,SNAI2,miR-200b,TGF-beta,GSC,SNAI1",N,8
482,"miR-34a,TWIST2,TWIST1,SNAI2,miR-200b,TGF-beta,GSC,SNAI1,ZEB2,miR-200a,ZEB1",N,11
483,"miR-34a,TWIST2,TWIST1,SNAI2,miR-200b,TGF-beta,GSC,SNAI1,ZEB2,miR-200c,ZEB1",N,11
484,"miR-34a,TWIST2,TWIST1,SNAI2,miR-200b,TGF-beta,GSC,SNAI1,ZEB1",N,9
485,"miR-34a,TWIST2,TWIST1,SNAI2,miR-200b,TGF-beta,GSC,SNAI1,FOXC2,ZEB1",N,10
486,"miR-34a,TWIST2,TWIST1,SNAI2,miR-200b,ZEB2,miR-200a,TGF-beta,SNAI1,miR-101,ZEB1",P,11
487,"miR-34a,TWIST2,TWIST1,SNAI2,miR-200b,ZEB2,miR-200a,TGF-beta,SNAI1",P,9
488,"miR-34a,TWIST2,TWIST1,SNAI2,miR-200b,ZEB2,miR-200a,TGF-beta,SNAI1,ZEB1",P,10
489,"miR-34a,TWIST2,TWIST1,SNAI2,miR-200b,ZEB2,miR-200a,TGF-beta,SNAI1,FOXC2,ZEB1",P,11
490,"miR-34a,TWIST2,TWIST1,SNAI2,miR-200b,ZEB2,miR-200a,TGF-beta,GSC,ZEB1",N,10
491,"miR-34a,TWIST2,TWIST1,SNAI2,miR-200b,ZEB2,miR-200a,TGF-beta,GSC,FOXC2,ZEB1",N,11
492,"miR-34a,TWIST2,TWIST1,SNAI2,miR-200b,ZEB2,miR-200a,TGF-beta,GSC,SNAI1,miR-101,ZEB1",P,12
493,"miR-34a,TWIST2,TWIST1,SNAI2,miR-200b,ZEB2,miR-200a,TGF-beta,GSC,SNAI1",P,10
494,"miR-34a,TWIST2,TWIST1,SNAI2,miR-200b,ZEB2,miR-200a,TGF-beta,GSC,SNAI1,ZEB1",P,11
495,"miR-34a,TWIST2,TWIST1,SNAI2,miR-200b,ZEB2,miR-200a,TGF-beta,GSC,SNAI1,FOXC2,ZEB1",P,12
496,"miR-34a,TWIST2,TWIST1,SNAI2,miR-200b,ZEB2,miR-200a,ZEB1",N,8
497,"miR-34a,TWIST2,TWIST1,SNAI2,miR-200b,ZEB2,miR-200a,ZEB1,miR-200c,TGF-beta,SNAI1",N,11
498,"miR-34a,TWIST2,TWIST1,SNAI2,miR-200b,ZEB2,miR-200a,ZEB1,miR-200c,TGF-beta,GSC,SNAI1",N,12
499,"miR-34a,TWIST2,TWIST1,SNAI2,miR-200b,ZEB2,miR-200a,ZEB1,miR-141,TGF-beta,SNAI1",N,11
500,"miR-34a,TWIST2,TWIST1,SNAI2,miR-200b,ZEB2,miR-200a,ZEB1,miR-141,TGF-beta,GSC,SNAI1",N,12
501,"miR-34a,TWIST2,TWIST1,SNAI2,miR-200b,ZEB2,miR-200c,TGF-beta,SNAI1,miR-101,ZEB1",P,11
502,"miR-34a,TWIST2,TWIST1,SNAI2,miR-200b,ZEB2,miR-200c,TGF-beta,SNAI1",P,9
503,"miR-34a,TWIST2,TWIST1,SNAI2,miR-200b,ZEB2,miR-200c,TGF-beta,SNAI1,ZEB1",P,10
504,"miR-34a,TWIST2,TWIST1,SNAI2,miR-200b,ZEB2,miR-200c,TGF-beta,SNAI1,FOXC2,ZEB1",P,11
505,"miR-34a,TWIST2,TWIST1,SNAI2,miR-200b,ZEB2,miR-200c,TGF-beta,GSC,ZEB1",N,10
506,"miR-34a,TWIST2,TWIST1,SNAI2,miR-200b,ZEB2,miR-200c,TGF-beta,GSC,FOXC2,ZEB1",N,11
507,"miR-34a,TWIST2,TWIST1,SNAI2,miR-200b,ZEB2,miR-200c,TGF-beta,GSC,SNAI1,miR-101,ZEB1",P,12
508,"miR-34a,TWIST2,TWIST1,SNAI2,miR-200b,ZEB2,miR-200c,TGF-beta,GSC,SNAI1",P,10
509,"miR-34a,TWIST2,TWIST1,SNAI2,miR-200b,ZEB2,miR-200c,TGF-beta,GSC,SNAI1,ZEB1",P,11
510,"miR-34a,TWIST2,TWIST1,SNAI2,miR-200b,ZEB2,miR-200c,TGF-beta,GSC,SNAI1,FOXC2,ZEB1",P,12
511,"miR-34a,TWIST2,TWIST1,SNAI2,miR-200b,ZEB2,miR-200c,ZEB1",N,8
512,"miR-34a,TWIST2,TWIST1,SNAI2,miR-200b,ZEB2,miR-200c,ZEB1,miR-200a,TGF-beta,SNAI1",N,11
513,"miR-34a,TWIST2,TWIST1,SNAI2,miR-200b,ZEB2,miR-200c,ZEB1,miR-200a,TGF-beta,GSC,SNAI1",N,12
514,"miR-34a,TWIST2,TWIST1,SNAI2,miR-200b,ZEB2,miR-200c,ZEB1,miR-141,TGF-beta,SNAI1",N,11
515,"miR-34a,TWIST2,TWIST1,SNAI2,miR-200b,ZEB2,miR-200c,ZEB1,miR-141,TGF-beta,GSC,SNAI1",N,12
516,"miR-34a,TWIST2,TWIST1,SNAI2,miR-200b,ZEB1",N,6
517,"miR-34a,TWIST2,TWIST1,SNAI2,miR-200b,ZEB1,miR-200a,TGF-beta,SNAI1",N,9
518,"miR-34a,TWIST2,TWIST1,SNAI2,miR-200b,ZEB1,miR-200a,TGF-beta,GSC,SNAI1",N,10
519,"miR-34a,TWIST2,TWIST1,SNAI2,miR-200b,ZEB1,miR-200a,ZEB2,miR-200c,TGF-beta,SNAI1",P,11
520,"miR-34a,TWIST2,TWIST1,SNAI2,miR-200b,ZEB1,miR-200a,ZEB2,miR-200c,TGF-beta,GSC,SNAI1",P,12
521,"miR-34a,TWIST2,TWIST1,SNAI2,miR-200b,ZEB1,miR-200c,TGF-beta,SNAI1",N,9
522,"miR-34a,TWIST2,TWIST1,SNAI2,miR-200b,ZEB1,miR-200c,TGF-beta,GSC,SNAI1",N,10
523,"miR-34a,TWIST2,TWIST1,SNAI2,miR-200b,ZEB1,miR-200c,ZEB2,miR-200a,TGF-beta,SNAI1",P,11
524,"miR-34a,TWIST2,TWIST1,SNAI2,miR-200b,ZEB1,miR-200c,ZEB2,miR-200a,TGF-beta,GSC,SNAI1",P,12
525,"miR-34a,TWIST2,TWIST1,SNAI2,miR-200b,ZEB1,miR-141,TGF-beta,SNAI1",N,9
526,"miR-34a,TWIST2,TWIST1,SNAI2,miR-200b,ZEB1,miR-141,TGF-beta,GSC,SNAI1",N,10
527,"miR-34a,TWIST2,TWIST1,SNAI2,miR-200b,ZEB1,miR-141,ZEB2,miR-200a,TGF-beta,SNAI1",N,11
528,"miR-34a,TWIST2,TWIST1,SNAI2,miR-200b,ZEB1,miR-141,ZEB2,miR-200a,TGF-beta,GSC,SNAI1",N,12
529,"miR-34a,TWIST2,TWIST1,SNAI2,miR-200b,ZEB1,miR-141,ZEB2,miR-200c,TGF-beta,SNAI1",N,11
530,"miR-34a,TWIST2,TWIST1,SNAI2,miR-200b,ZEB1,miR-141,ZEB2,miR-200c,TGF-beta,GSC,SNAI1",N,12
531,"miR-34a,TWIST2,TWIST1,SNAI2,miR-101,SNAI1",N,6
532,"miR-34a,TWIST2,TWIST1,SNAI2,miR-101,SNAI1,ZEB2,miR-200a,TGF-beta,GSC,ZEB1",N,11
533,"miR-34a,TWIST2,TWIST1,SNAI2,miR-101,SNAI1,ZEB2,miR-200a,TGF-beta,GSC,FOXC2,ZEB1",N,12
534,"miR-34a,TWIST2,TWIST1,SNAI2,miR-101,SNAI1,ZEB2,miR-200a,ZEB1",N,9
535,"miR-34a,TWIST2,TWIST1,SNAI2,miR-101,SNAI1,ZEB2,miR-200c,TGF-beta,GSC,ZEB1",N,11
536,"miR-34a,TWIST2,TWIST1,SNAI2,miR-101,SNAI1,ZEB2,miR-200c,TGF-beta,GSC,FOXC2,ZEB1",N,12
537,"miR-34a,TWIST2,TWIST1,SNAI2,miR-101,SNAI1,ZEB2,miR-200c,ZEB1",N,9
538,"miR-34a,TWIST2,TWIST1,SNAI2,miR-101,SNAI1,ZEB2,miR-200b,TGF-beta,GSC,ZEB1",N,11
539,"miR-34a,TWIST2,TWIST1,SNAI2,miR-101,SNAI1,ZEB2,miR-200b,TGF-beta,GSC,FOXC2,ZEB1",N,12
540,"miR-34a,TWIST2,TWIST1,SNAI2,miR-101,SNAI1,ZEB2,miR-200b,ZEB1",P,9
541,"miR-34a,TWIST2,TWIST1,SNAI2,miR-101,SNAI1,ZEB1",N,7
542,"miR-34a,TWIST2,TWIST1,SNAI2,miR-101,SNAI1,FOXC2,ZEB1",N,8
543,"miR-34a,TWIST2,TWIST1,SNAI2,miR-101,ZEB2,miR-200a,TGF-beta,SNAI1",N,9
544,"miR-34a,TWIST2,TWIST1,SNAI2,miR-101,ZEB2,miR-200a,TGF-beta,SNAI1,ZEB1",N,10
545,"miR-34a,TWIST2,TWIST1,SNAI2,miR-101,ZEB2,miR-200a,TGF-beta,SNAI1,FOXC2,ZEB1",N,11
546,"miR-34a,TWIST2,TWIST1,SNAI2,miR-101,ZEB2,miR-200a,TGF-beta,GSC,ZEB1",P,10
547,"miR-34a,TWIST2,TWIST1,SNAI2,miR-101,ZEB2,miR-200a,TGF-beta,GSC,FOXC2,ZEB1",P,11
548,"miR-34a,TWIST2,TWIST1,SNAI2,miR-101,ZEB2,miR-200a,TGF-beta,GSC,SNAI1",N,10
549,"miR-34a,TWIST2,TWIST1,SNAI2,miR-101,ZEB2,miR-200a,TGF-beta,GSC,SNAI1,ZEB1",N,11
550,"miR-34a,TWIST2,TWIST1,SNAI2,miR-101,ZEB2,miR-200a,TGF-beta,GSC,SNAI1,FOXC2,ZEB1",N,12
551,"miR-34a,TWIST2,TWIST1,SNAI2,miR-101,ZEB2,miR-200a,ZEB1",P,8
552,"miR-34a,TWIST2,TWIST1,SNAI2,miR-101,ZEB2,miR-200a,ZEB1,miR-200c,TGF-beta,SNAI1",P,11
553,"miR-34a,TWIST2,TWIST1,SNAI2,miR-101,ZEB2,miR-200a,ZEB1,miR-200c,TGF-beta,GSC,SNAI1",P,12
554,"miR-34a,TWIST2,TWIST1,SNAI2,miR-101,ZEB2,miR-200a,ZEB1,miR-200b,TGF-beta,SNAI1",N,11
555,"miR-34a,TWIST2,TWIST1,SNAI2,miR-101,ZEB2,miR-200a,ZEB1,miR-200b,TGF-beta,GSC,SNAI1",N,12
556,"miR-34a,TWIST2,TWIST1,SNAI2,miR-101,ZEB2,miR-200a,ZEB1,miR-141,TGF-beta,SNAI1",P,11
557,"miR-34a,TWIST2,TWIST1,SNAI2,miR-101,ZEB2,miR-200a,ZEB1,miR-141,TGF-beta,GSC,SNAI1",P,12
558,"miR-34a,TWIST2,TWIST1,SNAI2,miR-101,ZEB2,miR-200c,TGF-beta,SNAI1",N,9
559,"miR-34a,TWIST2,TWIST1,SNAI2,miR-101,ZEB2,miR-200c,TGF-beta,SNAI1,ZEB1",N,10
560,"miR-34a,TWIST2,TWIST1,SNAI2,miR-101,ZEB2,miR-200c,TGF-beta,SNAI1,FOXC2,ZEB1",N,11
561,"miR-34a,TWIST2,TWIST1,SNAI2,miR-101,ZEB2,miR-200c,TGF-beta,GSC,ZEB1",P,10
562,"miR-34a,TWIST2,TWIST1,SNAI2,miR-101,ZEB2,miR-200c,TGF-beta,GSC,FOXC2,ZEB1",P,11
563,"miR-34a,TWIST2,TWIST1,SNAI2,miR-101,ZEB2,miR-200c,TGF-beta,GSC,SNAI1",N,10
564,"miR-34a,TWIST2,TWIST1,SNAI2,miR-101,ZEB2,miR-200c,TGF-beta,GSC,SNAI1,ZEB1",N,11
565,"miR-34a,TWIST2,TWIST1,SNAI2,miR-101,ZEB2,miR-200c,TGF-beta,GSC,SNAI1,FOXC2,ZEB1",N,12
566,"miR-34a,TWIST2,TWIST1,SNAI2,miR-101,ZEB2,miR-200c,ZEB1",P,8
567,"miR-34a,TWIST2,TWIST1,SNAI2,miR-101,ZEB2,miR-200c,ZEB1,miR-200a,TGF-beta,SNAI1",P,11
568,"miR-34a,TWIST2,TWIST1,SNAI2,miR-101,ZEB2,miR-200c,ZEB1,miR-200a,TGF-beta,GSC,SNAI1",P,12
569,"miR-34a,TWIST2,TWIST1,SNAI2,miR-101,ZEB2,miR-200c,ZEB1,miR-200b,TGF-beta,SNAI1",N,11
570,"miR-34a,TWIST2,TWIST1,SNAI2,miR-101,ZEB2,miR-200c,ZEB1,miR-200b,TGF-beta,GSC,SNAI1",N,12
571,"miR-34a,TWIST2,TWIST1,SNAI2,miR-101,ZEB2,miR-200c,ZEB1,miR-141,TGF-beta,SNAI1",P,11
572,"miR-34a,TWIST2,TWIST1,SNAI2,miR-101,ZEB2,miR-200c,ZEB1,miR-141,TGF-beta,GSC,SNAI1",P,12
573,"miR-34a,TWIST2,TWIST1,SNAI2,miR-101,ZEB2,miR-200b,TGF-beta,SNAI1",N,9
574,"miR-34a,TWIST2,TWIST1,SNAI2,miR-101,ZEB2,miR-200b,TGF-beta,SNAI1,ZEB1",N,10
575,"miR-34a,TWIST2,TWIST1,SNAI2,miR-101,ZEB2,miR-200b,TGF-beta,SNAI1,FOXC2,ZEB1",N,11
576,"miR-34a,TWIST2,TWIST1,SNAI2,miR-101,ZEB2,miR-200b,TGF-beta,GSC,ZEB1",P,10
577,"miR-34a,TWIST2,TWIST1,SNAI2,miR-101,ZEB2,miR-200b,TGF-beta,GSC,FOXC2,ZEB1",P,11
578,"miR-34a,TWIST2,TWIST1,SNAI2,miR-101,ZEB2,miR-200b,TGF-beta,GSC,SNAI1",N,10
579,"miR-34a,TWIST2,TWIST1,SNAI2,miR-101,ZEB2,miR-200b,TGF-beta,GSC,SNAI1,ZEB1",N,11
580,"miR-34a,TWIST2,TWIST1,SNAI2,miR-101,ZEB2,miR-200b,TGF-beta,GSC,SNAI1,FOXC2,ZEB1",N,12
581,"miR-34a,TWIST2,TWIST1,SNAI2,miR-101,ZEB2,miR-200b,ZEB1",N,8
582,"miR-34a,TWIST2,TWIST1,SNAI2,miR-101,ZEB2,miR-200b,ZEB1,miR-200a,TGF-beta,SNAI1",N,11
583,"miR-34a,TWIST2,TWIST1,SNAI2,miR-101,ZEB2,miR-200b,ZEB1,miR-200a,TGF-beta,GSC,SNAI1",N,12
584,"miR-34a,TWIST2,TWIST1,SNAI2,miR-101,ZEB2,miR-200b,ZEB1,miR-200c,TGF-beta,SNAI1",N,11
585,"miR-34a,TWIST2,TWIST1,SNAI2,miR-101,ZEB2,miR-200b,ZEB1,miR-200c,TGF-beta,GSC,SNAI1",N,12
586,"miR-34a,TWIST2,TWIST1,SNAI2,miR-101,ZEB2,miR-200b,ZEB1,miR-141,TGF-beta,SNAI1",N,11
587,"miR-34a,TWIST2,TWIST1,SNAI2,miR-101,ZEB2,miR-200b,ZEB1,miR-141,TGF-beta,GSC,SNAI1",N,12
588,"miR-34a,TWIST2,TWIST1,SNAI2,miR-101,ZEB1",N,6
589,"miR-34a,TWIST2,TWIST1,SNAI2,miR-101,ZEB1,miR-200a,TGF-beta,SNAI1",N,9
590,"miR-34a,TWIST2,TWIST1,SNAI2,miR-101,ZEB1,miR-200a,TGF-beta,GSC,SNAI1",N,10
591,"miR-34a,TWIST2,TWIST1,SNAI2,miR-101,ZEB1,miR-200a,ZEB2,miR-200c,TGF-beta,SNAI1",P,11
592,"miR-34a,TWIST2,TWIST1,SNAI2,miR-101,ZEB1,miR-200a,ZEB2,miR-200c,TGF-beta,GSC,SNAI1",P,12
593,"miR-34a,TWIST2,TWIST1,SNAI2,miR-101,ZEB1,miR-200a,ZEB2,miR-200b,TGF-beta,SNAI1",P,11
594,"miR-34a,TWIST2,TWIST1,SNAI2,miR-101,ZEB1,miR-200a,ZEB2,miR-200b,TGF-beta,GSC,SNAI1",P,12
595,"miR-34a,TWIST2,TWIST1,SNAI2,miR-101,ZEB1,miR-200c,TGF-beta,SNAI1",N,9
596,"miR-34a,TWIST2,TWIST1,SNAI2,miR-101,ZEB1,miR-200c,TGF-beta,GSC,SNAI1",N,10
597,"miR-34a,TWIST2,TWIST1,SNAI2,miR-101,ZEB1,miR-200c,ZEB2,miR-200a,TGF-beta,SNAI1",P,11
598,"miR-34a,TWIST2,TWIST1,SNAI2,miR-101,ZEB1,miR-200c,ZEB2,miR-200a,TGF-beta,GSC,SNAI1",P,12
599,"miR-34a,TWIST2,TWIST1,SNAI2,miR-101,ZEB1,miR-200c,ZEB2,miR-200b,TGF-beta,SNAI1",P,11
600,"miR-34a,TWIST2,TWIST1,SNAI2,miR-101,ZEB1,miR-200c,ZEB2,miR-200b,TGF-beta,GSC,SNAI1",P,12
601,"miR-34a,TWIST2,TWIST1,SNAI2,miR-101,ZEB1,miR-200b,TGF-beta,SNAI1",P,9
602,"miR-34a,TWIST2,TWIST1,SNAI2,miR-101,ZEB1,miR-200b,TGF-beta,GSC,SNAI1",P,10
603,"miR-34a,TWIST2,TWIST1,SNAI2,miR-101,ZEB1,miR-200b,ZEB2,miR-200a,TGF-beta,SNAI1",N,11
604,"miR-34a,TWIST2,TWIST1,SNAI2,miR-101,ZEB1,miR-200b,ZEB2,miR-200a,TGF-beta,GSC,SNAI1",N,12
605,"miR-34a,TWIST2,TWIST1,SNAI2,miR-101,ZEB1,miR-200b,ZEB2,miR-200c,TGF-beta,SNAI1",N,11
606,"miR-34a,TWIST2,TWIST1,SNAI2,miR-101,ZEB1,miR-200b,ZEB2,miR-200c,TGF-beta,GSC,SNAI1",N,12
607,"miR-34a,TWIST2,TWIST1,SNAI2,miR-101,ZEB1,miR-141,TGF-beta,SNAI1",N,9
608,"miR-34a,TWIST2,TWIST1,SNAI2,miR-101,ZEB1,miR-141,TGF-beta,GSC,SNAI1",N,10
609,"miR-34a,TWIST2,TWIST1,SNAI2,miR-101,ZEB1,miR-141,ZEB2,miR-200a,TGF-beta,SNAI1",N,11
610,"miR-34a,TWIST2,TWIST1,SNAI2,miR-101,ZEB1,miR-141,ZEB2,miR-200a,TGF-beta,GSC,SNAI1",N,12
611,"miR-34a,TWIST2,TWIST1,SNAI2,miR-101,ZEB1,miR-141,ZEB2,miR-200c,TGF-beta,SNAI1",N,11
612,"miR-34a,TWIST2,TWIST1,SNAI2,miR-101,ZEB1,miR-141,ZEB2,miR-200c,TGF-beta,GSC,SNAI1",N,12
613,"miR-34a,TWIST2,TWIST1,SNAI2,miR-101,ZEB1,miR-141,ZEB2,miR-200b,TGF-beta,SNAI1",N,11
614,"miR-34a,TWIST2,TWIST1,SNAI2,miR-101,ZEB1,miR-141,ZEB2,miR-200b,TGF-beta,GSC,SNAI1",N,12
615,"miR-34a,TWIST2,TWIST1,SNAI1,miR-101,ZEB2,miR-200a,TGF-beta,SNAI2,miR-200b,ZEB1",N,11
616,"miR-34a,TWIST2,TWIST1,SNAI1,miR-101,ZEB2,miR-200a,TGF-beta,GSC,ZEB1",P,10
617,"miR-34a,TWIST2,TWIST1,SNAI1,miR-101,ZEB2,miR-200a,TGF-beta,GSC,FOXC2,ZEB1",P,11
618,"miR-34a,TWIST2,TWIST1,SNAI1,miR-101,ZEB2,miR-200a,ZEB1",P,8
619,"miR-34a,TWIST2,TWIST1,SNAI1,miR-101,ZEB2,miR-200c,TGF-beta,SNAI2,miR-200b,ZEB1",N,11
620,"miR-34a,TWIST2,TWIST1,SNAI1,miR-101,ZEB2,miR-200c,TGF-beta,GSC,ZEB1",P,10
621,"miR-34a,TWIST2,TWIST1,SNAI1,miR-101,ZEB2,miR-200c,TGF-beta,GSC,FOXC2,ZEB1",P,11
622,"miR-34a,TWIST2,TWIST1,SNAI1,miR-101,ZEB2,miR-200c,ZEB1",P,8
623,"miR-34a,TWIST2,TWIST1,SNAI1,miR-101,ZEB2,miR-200b,TGF-beta,GSC,ZEB1",P,10
624,"miR-34a,TWIST2,TWIST1,SNAI1,miR-101,ZEB2,miR-200b,TGF-beta,GSC,FOXC2,ZEB1",P,11
625,"miR-34a,TWIST2,TWIST1,SNAI1,miR-101,ZEB2,miR-200b,ZEB1",N,8
626,"miR-34a,TWIST2,TWIST1,SNAI1,miR-101,ZEB1",N,6
627,"miR-34a,TWIST2,TWIST1,SNAI1",N,4
628,"miR-34a,TWIST2,TWIST1,SNAI1,ZEB2,miR-200a,TGF-beta,SNAI2,miR-200b,ZEB1",P,10
629,"miR-34a,TWIST2,TWIST1,SNAI1,ZEB2,miR-200a,TGF-beta,SNAI2,miR-101,ZEB1",P,10
630,"miR-34a,TWIST2,TWIST1,SNAI1,ZEB2,miR-200a,TGF-beta,GSC,ZEB1",N,9
631,"miR-34a,TWIST2,TWIST1,SNAI1,ZEB2,miR-200a,TGF-beta,GSC,FOXC2,ZEB1",N,10
632,"miR-34a,TWIST2,TWIST1,SNAI1,ZEB2,miR-200a,ZEB1",N,7
633,"miR-34a,TWIST2,TWIST1,SNAI1,ZEB2,miR-200c,TGF-beta,SNAI2,miR-200b,ZEB1",P,10
634,"miR-34a,TWIST2,TWIST1,SNAI1,ZEB2,miR-200c,TGF-beta,SNAI2,miR-101,ZEB1",P,10
635,"miR-34a,TWIST2,TWIST1,SNAI1,ZEB2,miR-200c,TGF-beta,GSC,ZEB1",N,9
636,"miR-34a,TWIST2,TWIST1,SNAI1,ZEB2,miR-200c,TGF-beta,GSC,FOXC2,ZEB1",N,10
637,"miR-34a,TWIST2,TWIST1,SNAI1,ZEB2,miR-200c,ZEB1",N,7
638,"miR-34a,TWIST2,TWIST1,SNAI1,ZEB2,miR-200b,TGF-beta,SNAI2,miR-101,ZEB1",P,10
639,"miR-34a,TWIST2,TWIST1,SNAI1,ZEB2,miR-200b,TGF-beta,GSC,ZEB1",N,9
640,"miR-34a,TWIST2,TWIST1,SNAI1,ZEB2,miR-200b,TGF-beta,GSC,FOXC2,ZEB1",N,10
641,"miR-34a,TWIST2,TWIST1,SNAI1,ZEB2,miR-200b,ZEB1",P,7
642,"miR-34a,TWIST2,TWIST1,SNAI1,ZEB1",N,5
643,"miR-34a,TWIST2,TWIST1,SNAI1,SNAI2,miR-200b,TGF-beta,GSC,ZEB2,miR-200a,ZEB1",N,11
644,"miR-34a,TWIST2,TWIST1,SNAI1,SNAI2,miR-200b,TGF-beta,GSC,ZEB2,miR-200c,ZEB1",N,11
645,"miR-34a,TWIST2,TWIST1,SNAI1,SNAI2,miR-200b,TGF-beta,GSC,ZEB1",N,9
646,"miR-34a,TWIST2,TWIST1,SNAI1,SNAI2,miR-200b,TGF-beta,GSC,FOXC2,ZEB1",N,10
647,"miR-34a,TWIST2,TWIST1,SNAI1,SNAI2,miR-200b,ZEB2,miR-200a,TGF-beta,GSC,ZEB1",P,11
648,"miR-34a,TWIST2,TWIST1,SNAI1,SNAI2,miR-200b,ZEB2,miR-200a,TGF-beta,GSC,FOXC2,ZEB1",P,12
649,"miR-34a,TWIST2,TWIST1,SNAI1,SNAI2,miR-200b,ZEB2,miR-200a,ZEB1",P,9
650,"miR-34a,TWIST2,TWIST1,SNAI1,SNAI2,miR-200b,ZEB2,miR-200c,TGF-beta,GSC,ZEB1",P,11
651,"miR-34a,TWIST2,TWIST1,SNAI1,SNAI2,miR-200b,ZEB2,miR-200c,TGF-beta,GSC,FOXC2,ZEB1",P,12
652,"miR-34a,TWIST2,TWIST1,SNAI1,SNAI2,miR-200b,ZEB2,miR-200c,ZEB1",P,9
653,"miR-34a,TWIST2,TWIST1,SNAI1,SNAI2,miR-200b,ZEB1",P,7
654,"miR-34a,TWIST2,TWIST1,SNAI1,SNAI2,miR-101,ZEB2,miR-200a,TGF-beta,GSC,ZEB1",N,11
655,"miR-34a,TWIST2,TWIST1,SNAI1,SNAI2,miR-101,ZEB2,miR-200a,TGF-beta,GSC,FOXC2,ZEB1",N,12
656,"miR-34a,TWIST2,TWIST1,SNAI1,SNAI2,miR-101,ZEB2,miR-200a,ZEB1",N,9
657,"miR-34a,TWIST2,TWIST1,SNAI1,SNAI2,miR-101,ZEB2,miR-200c,TGF-beta,GSC,ZEB1",N,11
658,"miR-34a,TWIST2,TWIST1,SNAI1,SNAI2,miR-101,ZEB2,miR-200c,TGF-beta,GSC,FOXC2,ZEB1",N,12
659,"miR-34a,TWIST2,TWIST1,SNAI1,SNAI2,miR-101,ZEB2,miR-200c,ZEB1",N,9
660,"miR-34a,TWIST2,TWIST1,SNAI1,SNAI2,miR-101,ZEB2,miR-200b,TGF-beta,GSC,ZEB1",N,11
661,"miR-34a,TWIST2,TWIST1,SNAI1,SNAI2,miR-101,ZEB2,miR-200b,TGF-beta,GSC,FOXC2,ZEB1",N,12
662,"miR-34a,TWIST2,TWIST1,SNAI1,SNAI2,miR-101,ZEB2,miR-200b,ZEB1",P,9
663,"miR-34a,TWIST2,TWIST1,SNAI1,SNAI2,miR-101,ZEB1",P,7
664,"miR-34a,TWIST2,TWIST1,SNAI1,FOXC2,ZEB1",N,6
665,"miR-34a,TWIST2,TWIST1,FOXC2,ZEB1",P,5
666,"miR-34a,TWIST2,TWIST1,FOXC2,ZEB1,miR-200a,TGF-beta,SNAI2,miR-101,SNAI1",P,10
667,"miR-34a,TWIST2,TWIST1,FOXC2,ZEB1,miR-200a,TGF-beta,SNAI1",P,8
668,"miR-34a,TWIST2,TWIST1,FOXC2,ZEB1,miR-200a,TGF-beta,GSC,SNAI1",P,9
669,"miR-34a,TWIST2,TWIST1,FOXC2,ZEB1,miR-200a,ZEB2,miR-200c,TGF-beta,SNAI2,miR-101,SNAI1",N,12
670,"miR-34a,TWIST2,TWIST1,FOXC2,ZEB1,miR-200a,ZEB2,miR-200c,TGF-beta,SNAI1",N,10
671,"miR-34a,TWIST2,TWIST1,FOXC2,ZEB1,miR-200a,ZEB2,miR-200c,TGF-beta,GSC,SNAI1",N,11
672,"miR-34a,TWIST2,TWIST1,FOXC2,ZEB1,miR-200a,ZEB2,miR-200b,TGF-beta,SNAI2,miR-101,SNAI1",N,12
673,"miR-34a,TWIST2,TWIST1,FOXC2,ZEB1,miR-200a,ZEB2,miR-200b,TGF-beta,SNAI1",N,10
674,"miR-34a,TWIST2,TWIST1,FOXC2,ZEB1,miR-200a,ZEB2,miR-200b,TGF-beta,GSC,SNAI1",N,11
675,"miR-34a,TWIST2,TWIST1,FOXC2,ZEB1,miR-200c,TGF-beta,SNAI2,miR-101,SNAI1",P,10
676,"miR-34a,TWIST2,TWIST1,FOXC2,ZEB1,miR-200c,TGF-beta,SNAI1",P,8
677,"miR-34a,TWIST2,TWIST1,FOXC2,ZEB1,miR-200c,TGF-beta,GSC,SNAI1",P,9
678,"miR-34a,TWIST2,TWIST1,FOXC2,ZEB1,miR-200c,ZEB2,miR-200a,TGF-beta,SNAI2,miR-101,SNAI1",N,12
679,"miR-34a,TWIST2,TWIST1,FOXC2,ZEB1,miR-200c,ZEB2,miR-200a,TGF-beta,SNAI1",N,10
680,"miR-34a,TWIST2,TWIST1,FOXC2,ZEB1,miR-200c,ZEB2,miR-200a,TGF-beta,GSC,SNAI1",N,11
681,"miR-34a,TWIST2,TWIST1,FOXC2,ZEB1,miR-200c,ZEB2,miR-200b,TGF-beta,SNAI2,miR-101,SNAI1",N,12
682,"miR-34a,TWIST2,TWIST1,FOXC2,ZEB1,miR-200c,ZEB2,miR-200b,TGF-beta,SNAI1",N,10
683,"miR-34a,TWIST2,TWIST1,FOXC2,ZEB1,miR-200c,ZEB2,miR-200b,TGF-beta,GSC,SNAI1",N,11
684,"miR-34a,TWIST2,TWIST1,FOXC2,ZEB1,miR-200b,TGF-beta,SNAI2,miR-101,SNAI1",N,10
685,"miR-34a,TWIST2,TWIST1,FOXC2,ZEB1,miR-200b,TGF-beta,SNAI1",N,8
686,"miR-34a,TWIST2,TWIST1,FOXC2,ZEB1,miR-200b,TGF-beta,GSC,SNAI1",N,9
687,"miR-34a,TWIST2,TWIST1,FOXC2,ZEB1,miR-200b,ZEB2,miR-200a,TGF-beta,SNAI2,miR-101,SNAI1",P,12
688,"miR-34a,TWIST2,TWIST1,FOXC2,ZEB1,miR-200b,ZEB2,miR-200a,TGF-beta,SNAI1",P,10
689,"miR-34a,TWIST2,TWIST1,FOXC2,ZEB1,miR-200b,ZEB2,miR-200a,TGF-beta,GSC,SNAI1",P,11
690,"miR-34a,TWIST2,TWIST1,FOXC2,ZEB1,miR-200b,ZEB2,miR-200c,TGF-beta,SNAI2,miR-101,SNAI1",P,12
691,"miR-34a,TWIST2,TWIST1,FOXC2,ZEB1,miR-200b,ZEB2,miR-200c,TGF-beta,SNAI1",P,10
692,"miR-34a,TWIST2,TWIST1,FOXC2,ZEB1,miR-200b,ZEB2,miR-200c,TGF-beta,GSC,SNAI1",P,11
693,"miR-34a,TWIST2,TWIST1,FOXC2,ZEB1,miR-141,TGF-beta,SNAI2,miR-101,SNAI1",P,10
694,"miR-34a,TWIST2,TWIST1,FOXC2,ZEB1,miR-141,TGF-beta,SNAI1",P,8
695,"miR-34a,TWIST2,TWIST1,FOXC2,ZEB1,miR-141,TGF-beta,GSC,SNAI1",P,9
696,"miR-34a,TWIST2,TWIST1,FOXC2,ZEB1,miR-141,ZEB2,miR-200a,TGF-beta,SNAI2,miR-101,SNAI1",P,12
697,"miR-34a,TWIST2,TWIST1,FOXC2,ZEB1,miR-141,ZEB2,miR-200a,TGF-beta,SNAI1",P,10
698,"miR-34a,TWIST2,TWIST1,FOXC2,ZEB1,miR-141,ZEB2,miR-200a,TGF-beta,GSC,SNAI1",P,11
699,"miR-34a,TWIST2,TWIST1,FOXC2,ZEB1,miR-141,ZEB2,miR-200c,TGF-beta,SNAI2,miR-101,SNAI1",P,12
700,"miR-34a,TWIST2,TWIST1,FOXC2,ZEB1,miR-141,ZEB2,miR-200c,TGF-beta,SNAI1",P,10
701,"miR-34a,TWIST2,TWIST1,FOXC2,ZEB1,miR-141,ZEB2,miR-200c,TGF-beta,GSC,SNAI1",P,11
702,"miR-34a,TWIST2,TWIST1,FOXC2,ZEB1,miR-141,ZEB2,miR-200b,TGF-beta,SNAI2,miR-101,SNAI1",P,12
703,"miR-34a,TWIST2,TWIST1,FOXC2,ZEB1,miR-141,ZEB2,miR-200b,TGF-beta,SNAI1",P,10
704,"miR-34a,TWIST2,TWIST1,FOXC2,ZEB1,miR-141,ZEB2,miR-200b,TGF-beta,GSC,SNAI1",P,11
705,"miR-34a,TWIST2,SNAI2,miR-200b,TGF-beta,SNAI1,miR-101,ZEB2,miR-200a,ZEB1",N,10
706,"miR-34a,TWIST2,SNAI2,miR-200b,TGF-beta,SNAI1,miR-101,ZEB2,miR-200c,ZEB1",N,10
707,"miR-34a,TWIST2,SNAI2,miR-200b,TGF-beta,SNAI1,miR-101,ZEB1",P,8
708,"miR-34a,TWIST2,SNAI2,miR-200b,TGF-beta,SNAI1",P,6
709,"miR-34a,TWIST2,SNAI2,miR-200b,TGF-beta,SNAI1,ZEB2,miR-200a,ZEB1",P,9
710,"miR-34a,TWIST2,SNAI2,miR-200b,TGF-beta,SNAI1,ZEB2,miR-200c,ZEB1",P,9
711,"miR-34a,TWIST2,SNAI2,miR-200b,TGF-beta,SNAI1,ZEB1",P,7
712,"miR-34a,TWIST2,SNAI2,miR-200b,TGF-beta,SNAI1,TWIST1,ZEB2,miR-200a,ZEB1",N,10
713,"miR-34a,TWIST2,SNAI2,miR-200b,TGF-beta,SNAI1,TWIST1,ZEB2,miR-200c,ZEB1",N,10
714,"miR-34a,TWIST2,SNAI2,miR-200b,TGF-beta,SNAI1,TWIST1,ZEB1",N,8
715,"miR-34a,TWIST2,SNAI2,miR-200b,TGF-beta,SNAI1,TWIST1,FOXC2,ZEB1",N,9
716,"miR-34a,TWIST2,SNAI2,miR-200b,TGF-beta,SNAI1,FOXC2,ZEB1",P,8
717,"miR-34a,TWIST2,SNAI2,miR-200b,TGF-beta,GSC,ZEB2,miR-200a,ZEB1",N,9
718,"miR-34a,TWIST2,SNAI2,miR-200b,TGF-beta,GSC,ZEB2,miR-200c,ZEB1",N,9
719,"miR-34a,TWIST2,SNAI2,miR-200b,TGF-beta,GSC,ZEB1",N,7
720,"miR-34a,TWIST2,SNAI2,miR-200b,TGF-beta,GSC,FOXC2,ZEB1",N,8
721,"miR-34a,TWIST2,SNAI2,miR-200b,TGF-beta,GSC,TWIST1,ZEB2,miR-200a,ZEB1",P,10
722,"miR-34a,TWIST2,SNAI2,miR-200b,TGF-beta,GSC,TWIST1,ZEB2,miR-200c,ZEB1",P,10
723,"miR-34a,TWIST2,SNAI2,miR-200b,TGF-beta,GSC,TWIST1,ZEB1",P,8
724,"miR-34a,TWIST2,SNAI2,miR-200b,TGF-beta,GSC,TWIST1,SNAI1,miR-101,ZEB2,miR-200a,ZEB1",P,12
725,"miR-34a,TWIST2,SNAI2,miR-200b,TGF-beta,GSC,TWIST1,SNAI1,miR-101,ZEB2,miR-200c,ZEB1",P,12
726,"miR-34a,TWIST2,SNAI2,miR-200b,TGF-beta,GSC,TWIST1,SNAI1,miR-101,ZEB1",N,10
727,"miR-34a,TWIST2,SNAI2,miR-200b,TGF-beta,GSC,TWIST1,SNAI1",N,8
728,"miR-34a,TWIST2,SNAI2,miR-200b,TGF-beta,GSC,TWIST1,SNAI1,ZEB2,miR-200a,ZEB1",N,11
729,"miR-34a,TWIST2,SNAI2,miR-200b,TGF-beta,GSC,TWIST1,SNAI1,ZEB2,miR-200c,ZEB1",N,11
730,"miR-34a,TWIST2,SNAI2,miR-200b,TGF-beta,GSC,TWIST1,SNAI1,ZEB1",N,9
731,"miR-34a,TWIST2,SNAI2,miR-200b,TGF-beta,GSC,TWIST1,SNAI1,FOXC2,ZEB1",N,10
732,"miR-34a,TWIST2,SNAI2,miR-200b,TGF-beta,GSC,TWIST1,FOXC2,ZEB1",P,9
733,"miR-34a,TWIST2,SNAI2,miR-200b,TGF-beta,GSC,SNAI1,miR-101,ZEB2,miR-200a,ZEB1",N,11
734,"miR-34a,TWIST2,SNAI2,miR-200b,TGF-beta,GSC,SNAI1,miR-101,ZEB2,miR-200c,ZEB1",N,11
735,"miR-34a,TWIST2,SNAI2,miR-200b,TGF-beta,GSC,SNAI1,miR-101,ZEB1",P,9
736,"miR-34a,TWIST2,SNAI2,miR-200b,TGF-beta,GSC,SNAI1",P,7
737,"miR-34a,TWIST2,SNAI2,miR-200b,TGF-beta,GSC,SNAI1,ZEB2,miR-200a,ZEB1",P,10
738,"miR-34a,TWIST2,SNAI2,miR-200b,TGF-beta,GSC,SNAI1,ZEB2,miR-200c,ZEB1",P,10
739,"miR-34a,TWIST2,SNAI2,miR-200b,TGF-beta,GSC,SNAI1,ZEB1",P,8
740,"miR-34a,TWIST2,SNAI2,miR-200b,TGF-beta,GSC,SNAI1,TWIST1,ZEB2,miR-200a,ZEB1",N,11
741,"miR-34a,TWIST2,SNAI2,miR-200b,TGF-beta,GSC,SNAI1,TWIST1,ZEB2,miR-200c,ZEB1",N,11
742,"miR-34a,TWIST2,SNAI2,miR-200b,TGF-beta,GSC,SNAI1,TWIST1,ZEB1",N,9
743,"miR-34a,TWIST2,SNAI2,miR-200b,TGF-beta,GSC,SNAI1,TWIST1,FOXC2,ZEB1",N,10
744,"miR-34a,TWIST2,SNAI2,miR-200b,TGF-beta,GSC,SNAI1,FOXC2,ZEB1",P,9
745,"miR-34a,TWIST2,SNAI2,miR-200b,ZEB2,miR-200a,TGF-beta,SNAI1,miR-101,ZEB1",N,10
746,"miR-34a,TWIST2,SNAI2,miR-200b,ZEB2,miR-200a,TGF-beta,SNAI1",N,8
747,"miR-34a,TWIST2,SNAI2,miR-200b,ZEB2,miR-200a,TGF-beta,SNAI1,ZEB1",N,9
748,"miR-34a,TWIST2,SNAI2,miR-200b,ZEB2,miR-200a,TGF-beta,SNAI1,TWIST1,ZEB1",P,10
749,"miR-34a,TWIST2,SNAI2,miR-200b,ZEB2,miR-200a,TGF-beta,SNAI1,TWIST1,FOXC2,ZEB1",P,11
750,"miR-34a,TWIST2,SNAI2,miR-200b,ZEB2,miR-200a,TGF-beta,SNAI1,FOXC2,ZEB1",N,10
751,"miR-34a,TWIST2,SNAI2,miR-200b,ZEB2,miR-200a,TGF-beta,GSC,ZEB1",P,9
752,"miR-34a,TWIST2,SNAI2,miR-200b,ZEB2,miR-200a,TGF-beta,GSC,FOXC2,ZEB1",P,10
753,"miR-34a,TWIST2,SNAI2,miR-200b,ZEB2,miR-200a,TGF-beta,GSC,TWIST1,ZEB1",N,10
754,"miR-34a,TWIST2,SNAI2,miR-200b,ZEB2,miR-200a,TGF-beta,GSC,TWIST1,SNAI1,miR-101,ZEB1",P,12
755,"miR-34a,TWIST2,SNAI2,miR-200b,ZEB2,miR-200a,TGF-beta,GSC,TWIST1,SNAI1",P,10
756,"miR-34a,TWIST2,SNAI2,miR-200b,ZEB2,miR-200a,TGF-beta,GSC,TWIST1,SNAI1,ZEB1",P,11
757,"miR-34a,TWIST2,SNAI2,miR-200b,ZEB2,miR-200a,TGF-beta,GSC,TWIST1,SNAI1,FOXC2,ZEB1",P,12
758,"miR-34a,TWIST2,SNAI2,miR-200b,ZEB2,miR-200a,TGF-beta,GSC,TWIST1,FOXC2,ZEB1",N,11
759,"miR-34a,TWIST2,SNAI2,miR-200b,ZEB2,miR-200a,TGF-beta,GSC,SNAI1,miR-101,ZEB1",N,11
760,"miR-34a,TWIST2,SNAI2,miR-200b,ZEB2,miR-200a,TGF-beta,GSC,SNAI1",N,9
761,"miR-34a,TWIST2,SNAI2,miR-200b,ZEB2,miR-200a,TGF-beta,GSC,SNAI1,ZEB1",N,10
762,"miR-34a,TWIST2,SNAI2,miR-200b,ZEB2,miR-200a,TGF-beta,GSC,SNAI1,TWIST1,ZEB1",P,11
763,"miR-34a,TWIST2,SNAI2,miR-200b,ZEB2,miR-200a,TGF-beta,GSC,SNAI1,TWIST1,FOXC2,ZEB1",P,12
764,"miR-34a,TWIST2,SNAI2,miR-200b,ZEB2,miR-200a,TGF-beta,GSC,SNAI1,FOXC2,ZEB1",N,11
765,"miR-34a,TWIST2,SNAI2,miR-200b,ZEB2,miR-200a,ZEB1",P,7
766,"miR-34a,TWIST2,SNAI2,miR-200b,ZEB2,miR-200a,ZEB1,miR-200c,TGF-beta,SNAI1",P,10
767,"miR-34a,TWIST2,SNAI2,miR-200b,ZEB2,miR-200a,ZEB1,miR-200c,TGF-beta,GSC,TWIST1,SNAI1",N,12
768,"miR-34a,TWIST2,SNAI2,miR-200b,ZEB2,miR-200a,ZEB1,miR-200c,TGF-beta,GSC,SNAI1",P,11
769,"miR-34a,TWIST2,SNAI2,miR-200b,ZEB2,miR-200a,ZEB1,miR-141,TGF-beta,SNAI1",P,10
770,"miR-34a,TWIST2,SNAI2,miR-200b,ZEB2,miR-200a,ZEB1,miR-141,TGF-beta,GSC,TWIST1,SNAI1",N,12
771,"miR-34a,TWIST2,SNAI2,miR-200b,ZEB2,miR-200a,ZEB1,miR-141,TGF-beta,GSC,SNAI1",P,11
772,"miR-34a,TWIST2,SNAI2,miR-200b,ZEB2,miR-200c,TGF-beta,SNAI1,miR-101,ZEB1",N,10
773,"miR-34a,TWIST2,SNAI2,miR-200b,ZEB2,miR-200c,TGF-beta,SNAI1",N,8
774,"miR-34a,TWIST2,SNAI2,miR-200b,ZEB2,miR-200c,TGF-beta,SNAI1,ZEB1",N,9
775,"miR-34a,TWIST2,SNAI2,miR-200b,ZEB2,miR-200c,TGF-beta,SNAI1,TWIST1,ZEB1",P,10
776,"miR-34a,TWIST2,SNAI2,miR-200b,ZEB2,miR-200c,TGF-beta,SNAI1,TWIST1,FOXC2,ZEB1",P,11
777,"miR-34a,TWIST2,SNAI2,miR-200b,ZEB2,miR-200c,TGF-beta,SNAI1,FOXC2,ZEB1",N,10
778,"miR-34a,TWIST2,SNAI2,miR-200b,ZEB2,miR-200c,TGF-beta,GSC,ZEB1",P,9
779,"miR-34a,TWIST2,SNAI2,miR-200b,ZEB2,miR-200c,TGF-beta,GSC,FOXC2,ZEB1",P,10
780,"miR-34a,TWIST2,SNAI2,miR-200b,ZEB2,miR-200c,TGF-beta,GSC,TWIST1,ZEB1",N,10
781,"miR-34a,TWIST2,SNAI2,miR-200b,ZEB2,miR-200c,TGF-beta,GSC,TWIST1,SNAI1,miR-101,ZEB1",P,12
782,"miR-34a,TWIST2,SNAI2,miR-200b,ZEB2,miR-200c,TGF-beta,GSC,TWIST1,SNAI1",P,10
783,"miR-34a,TWIST2,SNAI2,miR-200b,ZEB2,miR-200c,TGF-beta,GSC,TWIST1,SNAI1,ZEB1",P,11
784,"miR-34a,TWIST2,SNAI2,miR-200b,ZEB2,miR-200c,TGF-beta,GSC,TWIST1,SNAI1,FOXC2,ZEB1",P,12
785,"miR-34a,TWIST2,SNAI2,miR-200b,ZEB2,miR-200c,TGF-beta,GSC,TWIST1,FOXC2,ZEB1",N,11
786,"miR-34a,TWIST2,SNAI2,miR-200b,ZEB2,miR-200c,TGF-beta,GSC,SNAI1,miR-101,ZEB1",N,11
787,"miR-34a,TWIST2,SNAI2,miR-200b,ZEB2,miR-200c,TGF-beta,GSC,SNAI1",N,9
788,"miR-34a,TWIST2,SNAI2,miR-200b,ZEB2,miR-200c,TGF-beta,GSC,SNAI1,ZEB1",N,10
789,"miR-34a,TWIST2,SNAI2,miR-200b,ZEB2,miR-200c,TGF-beta,GSC,SNAI1,TWIST1,ZEB1",P,11
790,"miR-34a,TWIST2,SNAI2,miR-200b,ZEB2,miR-200c,TGF-beta,GSC,SNAI1,TWIST1,FOXC2,ZEB1",P,12
791,"miR-34a,TWIST2,SNAI2,miR-200b,ZEB2,miR-200c,TGF-beta,GSC,SNAI1,FOXC2,ZEB1",N,11
792,"miR-34a,TWIST2,SNAI2,miR-200b,ZEB2,miR-200c,ZEB1",P,7
793,"miR-34a,TWIST2,SNAI2,miR-200b,ZEB2,miR-200c,ZEB1,miR-200a,TGF-beta,SNAI1",P,10
794,"miR-34a,TWIST2,SNAI2,miR-200b,ZEB2,miR-200c,ZEB1,miR-200a,TGF-beta,GSC,TWIST1,SNAI1",N,12
795,"miR-34a,TWIST2,SNAI2,miR-200b,ZEB2,miR-200c,ZEB1,miR-200a,TGF-beta,GSC,SNAI1",P,11
796,"miR-34a,TWIST2,SNAI2,miR-200b,ZEB2,miR-200c,ZEB1,miR-141,TGF-beta,SNAI1",P,10
797,"miR-34a,TWIST2,SNAI2,miR-200b,ZEB2,miR-200c,ZEB1,miR-141,TGF-beta,GSC,TWIST1,SNAI1",N,12
798,"miR-34a,TWIST2,SNAI2,miR-200b,ZEB2,miR-200c,ZEB1,miR-141,TGF-beta,GSC,SNAI1",P,11
799,"miR-34a,TWIST2,SNAI2,miR-200b,ZEB1",P,5
800,"miR-34a,TWIST2,SNAI2,miR-200b,ZEB1,miR-200a,TGF-beta,SNAI1",P,8
801,"miR-34a,TWIST2,SNAI2,miR-200b,ZEB1,miR-200a,TGF-beta,GSC,TWIST1,SNAI1",N,10
802,"miR-34a,TWIST2,SNAI2,miR-200b,ZEB1,miR-200a,TGF-beta,GSC,SNAI1",P,9
803,"miR-34a,TWIST2,SNAI2,miR-200b,ZEB1,miR-200a,ZEB2,miR-200c,TGF-beta,SNAI1",N,10
804,"miR-34a,TWIST2,SNAI2,miR-200b,ZEB1,miR-200a,ZEB2,miR-200c,TGF-beta,GSC,TWIST1,SNAI1",P,12
805,"miR-34a,TWIST2,SNAI2,miR-200b,ZEB1,miR-200a,ZEB2,miR-200c,TGF-beta,GSC,SNAI1",N,11
806,"miR-34a,TWIST2,SNAI2,miR-200b,ZEB1,miR-200c,TGF-beta,SNAI1",P,8
807,"miR-34a,TWIST2,SNAI2,miR-200b,ZEB1,miR-200c,TGF-beta,GSC,TWIST1,SNAI1",N,10
808,"miR-34a,TWIST2,SNAI2,miR-200b,ZEB1,miR-200c,TGF-beta,GSC,SNAI1",P,9
809,"miR-34a,TWIST2,SNAI2,miR-200b,ZEB1,miR-200c,ZEB2,miR-200a,TGF-beta,SNAI1",N,10
810,"miR-34a,TWIST2,SNAI2,miR-200b,ZEB1,miR-200c,ZEB2,miR-200a,TGF-beta,GSC,TWIST1,SNAI1",P,12
811,"miR-34a,TWIST2,SNAI2,miR-200b,ZEB1,miR-200c,ZEB2,miR-200a,TGF-beta,GSC,SNAI1",N,11
812,"miR-34a,TWIST2,SNAI2,miR-200b,ZEB1,miR-141,TGF-beta,SNAI1",P,8
813,"miR-34a,TWIST2,SNAI2,miR-200b,ZEB1,miR-141,TGF-beta,GSC,TWIST1,SNAI1",N,10
814,"miR-34a,TWIST2,SNAI2,miR-200b,ZEB1,miR-141,TGF-beta,GSC,SNAI1",P,9
815,"miR-34a,TWIST2,SNAI2,miR-200b,ZEB1,miR-141,ZEB2,miR-200a,TGF-beta,SNAI1",P,10
816,"miR-34a,TWIST2,SNAI2,miR-200b,ZEB1,miR-141,ZEB2,miR-200a,TGF-beta,GSC,TWIST1,SNAI1",N,12
817,"miR-34a,TWIST2,SNAI2,miR-200b,ZEB1,miR-141,ZEB2,miR-200a,TGF-beta,GSC,SNAI1",P,11
818,"miR-34a,TWIST2,SNAI2,miR-200b,ZEB1,miR-141,ZEB2,miR-200c,TGF-beta,SNAI1",P,10
819,"miR-34a,TWIST2,SNAI2,miR-200b,ZEB1,miR-141,ZEB2,miR-200c,TGF-beta,GSC,TWIST1,SNAI1",N,12
820,"miR-34a,TWIST2,SNAI2,miR-200b,ZEB1,miR-141,ZEB2,miR-200c,TGF-beta,GSC,SNAI1",P,11
821,"miR-34a,TWIST2,SNAI2,miR-101,SNAI1",P,5
822,"miR-34a,TWIST2,SNAI2,miR-101,SNAI1,ZEB2,miR-200a,TGF-beta,GSC,ZEB1",P,10
823,"miR-34a,TWIST2,SNAI2,miR-101,SNAI1,ZEB2,miR-200a,TGF-beta,GSC,FOXC2,ZEB1",P,11
824,"miR-34a,TWIST2,SNAI2,miR-101,SNAI1,ZEB2,miR-200a,TGF-beta,GSC,TWIST1,ZEB1",N,11
825,"miR-34a,TWIST2,SNAI2,miR-101,SNAI1,ZEB2,miR-200a,TGF-beta,GSC,TWIST1,FOXC2,ZEB1",N,12
826,"miR-34a,TWIST2,SNAI2,miR-101,SNAI1,ZEB2,miR-200a,ZEB1",P,8
827,"miR-34a,TWIST2,SNAI2,miR-101,SNAI1,ZEB2,miR-200c,TGF-beta,GSC,ZEB1",P,10
828,"miR-34a,TWIST2,SNAI2,miR-101,SNAI1,ZEB2,miR-200c,TGF-beta,GSC,FOXC2,ZEB1",P,11
829,"miR-34a,TWIST2,SNAI2,miR-101,SNAI1,ZEB2,miR-200c,TGF-beta,GSC,TWIST1,ZEB1",N,11
830,"miR-34a,TWIST2,SNAI2,miR-101,SNAI1,ZEB2,miR-200c,TGF-beta,GSC,TWIST1,FOXC2,ZEB1",N,12
831,"miR-34a,TWIST2,SNAI2,miR-101,SNAI1,ZEB2,miR-200c,ZEB1",P,8
832,"miR-34a,TWIST2,SNAI2,miR-101,SNAI1,ZEB2,miR-200b,TGF-beta,GSC,ZEB1",P,10
833,"miR-34a,TWIST2,SNAI2,miR-101,SNAI1,ZEB2,miR-200b,TGF-beta,GSC,FOXC2,ZEB1",P,11
834,"miR-34a,TWIST2,SNAI2,miR-101,SNAI1,ZEB2,miR-200b,TGF-beta,GSC,TWIST1,ZEB1",N,11
835,"miR-34a,TWIST2,SNAI2,miR-101,SNAI1,ZEB2,miR-200b,TGF-beta,GSC,TWIST1,FOXC2,ZEB1",N,12
836,"miR-34a,TWIST2,SNAI2,miR-101,SNAI1,ZEB2,miR-200b,ZEB1",N,8
837,"miR-34a,TWIST2,SNAI2,miR-101,SNAI1,ZEB1",P,6
838,"miR-34a,TWIST2,SNAI2,miR-101,SNAI1,TWIST1,ZEB2,miR-200a,TGF-beta,GSC,ZEB1",N,11
839,"miR-34a,TWIST2,SNAI2,miR-101,SNAI1,TWIST1,ZEB2,miR-200a,TGF-beta,GSC,FOXC2,ZEB1",N,12
840,"miR-34a,TWIST2,SNAI2,miR-101,SNAI1,TWIST1,ZEB2,miR-200a,ZEB1",N,9
841,"miR-34a,TWIST2,SNAI2,miR-101,SNAI1,TWIST1,ZEB2,miR-200c,TGF-beta,GSC,ZEB1",N,11
842,"miR-34a,TWIST2,SNAI2,miR-101,SNAI1,TWIST1,ZEB2,miR-200c,TGF-beta,GSC,FOXC2,ZEB1",N,12
843,"miR-34a,TWIST2,SNAI2,miR-101,SNAI1,TWIST1,ZEB2,miR-200c,ZEB1",N,9
844,"miR-34a,TWIST2,SNAI2,miR-101,SNAI1,TWIST1,ZEB2,miR-200b,TGF-beta,GSC,ZEB1",N,11
845,"miR-34a,TWIST2,SNAI2,miR-101,SNAI1,TWIST1,ZEB2,miR-200b,TGF-beta,GSC,FOXC2,ZEB1",N,12
846,"miR-34a,TWIST2,SNAI2,miR-101,SNAI1,TWIST1,ZEB2,miR-200b,ZEB1",P,9
847,"miR-34a,TWIST2,SNAI2,miR-101,SNAI1,TWIST1,ZEB1",N,7
848,"miR-34a,TWIST2,SNAI2,miR-101,SNAI1,TWIST1,FOXC2,ZEB1",N,8
849,"miR-34a,TWIST2,SNAI2,miR-101,SNAI1,FOXC2,ZEB1",P,7
850,"miR-34a,TWIST2,SNAI2,miR-101,ZEB2,miR-200a,TGF-beta,SNAI1",P,8
851,"miR-34a,TWIST2,SNAI2,miR-101,ZEB2,miR-200a,TGF-beta,SNAI1,ZEB1",P,9
852,"miR-34a,TWIST2,SNAI2,miR-101,ZEB2,miR-200a,TGF-beta,SNAI1,TWIST1,ZEB1",N,10
853,"miR-34a,TWIST2,SNAI2,miR-101,ZEB2,miR-200a,TGF-beta,SNAI1,TWIST1,FOXC2,ZEB1",N,11
854,"miR-34a,TWIST2,SNAI2,miR-101,ZEB2,miR-200a,TGF-beta,SNAI1,FOXC2,ZEB1",P,10
855,"miR-34a,TWIST2,SNAI2,miR-101,ZEB2,miR-200a,TGF-beta,GSC,ZEB1",N,9
856,"miR-34a,TWIST2,SNAI2,miR-101,ZEB2,miR-200a,TGF-beta,GSC,FOXC2,ZEB1",N,10
857,"miR-34a,TWIST2,SNAI2,miR-101,ZEB2,miR-200a,TGF-beta,GSC,TWIST1,ZEB1",P,10
858,"miR-34a,TWIST2,SNAI2,miR-101,ZEB2,miR-200a,TGF-beta,GSC,TWIST1,SNAI1",N,10
859,"miR-34a,TWIST2,SNAI2,miR-101,ZEB2,miR-200a,TGF-beta,GSC,TWIST1,SNAI1,ZEB1",N,11
860,"miR-34a,TWIST2,SNAI2,miR-101,ZEB2,miR-200a,TGF-beta,GSC,TWIST1,SNAI1,FOXC2,ZEB1",N,12
861,"miR-34a,TWIST2,SNAI2,miR-101,ZEB2,miR-200a,TGF-beta,GSC,TWIST1,FOXC2,ZEB1",P,11
862,"miR-34a,TWIST2,SNAI2,miR-101,ZEB2,miR-200a,TGF-beta,GSC,SNAI1",P,9
863,"miR-34a,TWIST2,SNAI2,miR-101,ZEB2,miR-200a,TGF-beta,GSC,SNAI1,ZEB1",P,10
864,"miR-34a,TWIST2,SNAI2,miR-101,ZEB2,miR-200a,TGF-beta,GSC,SNAI1,TWIST1,ZEB1",N,11
865,"miR-34a,TWIST2,SNAI2,miR-101,ZEB2,miR-200a,TGF-beta,GSC,SNAI1,TWIST1,FOXC2,ZEB1",N,12
866,"miR-34a,TWIST2,SNAI2,miR-101,ZEB2,miR-200a,TGF-beta,GSC,SNAI1,FOXC2,ZEB1",P,11
867,"miR-34a,TWIST2,SNAI2,miR-101,ZEB2,miR-200a,ZEB1",N,7
868,"miR-34a,TWIST2,SNAI2,miR-101,ZEB2,miR-200a,ZEB1,miR-200c,TGF-beta,SNAI1",N,10
869,"miR-34a,TWIST2,SNAI2,miR-101,ZEB2,miR-200a,ZEB1,miR-200c,TGF-beta,GSC,TWIST1,SNAI1",P,12
870,"miR-34a,TWIST2,SNAI2,miR-101,ZEB2,miR-200a,ZEB1,miR-200c,TGF-beta,GSC,SNAI1",N,11
871,"miR-34a,TWIST2,SNAI2,miR-101,ZEB2,miR-200a,ZEB1,miR-200b,TGF-beta,SNAI1",P,10
872,"miR-34a,TWIST2,SNAI2,miR-101,ZEB2,miR-200a,ZEB1,miR-200b,TGF-beta,GSC,TWIST1,SNAI1",N,12
873,"miR-34a,TWIST2,SNAI2,miR-101,ZEB2,miR-200a,ZEB1,miR-200b,TGF-beta,GSC,SNAI1",P,11
874,"miR-34a,TWIST2,SNAI2,miR-101,ZEB2,miR-200a,ZEB1,miR-141,TGF-beta,SNAI1",N,10
875,"miR-34a,TWIST2,SNAI2,miR-101,ZEB2,miR-200a,ZEB1,miR-141,TGF-beta,GSC,TWIST1,SNAI1",P,12
876,"miR-34a,TWIST2,SNAI2,miR-101,ZEB2,miR-200a,ZEB1,miR-141,TGF-beta,GSC,SNAI1",N,11
877,"miR-34a,TWIST2,SNAI2,miR-101,ZEB2,miR-200c,TGF-beta,SNAI1",P,8
878,"miR-34a,TWIST2,SNAI2,miR-101,ZEB2,miR-200c,TGF-beta,SNAI1,ZEB1",P,9
879,"miR-34a,TWIST2,SNAI2,miR-101,ZEB2,miR-200c,TGF-beta,SNAI1,TWIST1,ZEB1",N,10
880,"miR-34a,TWIST2,SNAI2,miR-101,ZEB2,miR-200c,TGF-beta,SNAI1,TWIST1,FOXC2,ZEB1",N,11
881,"miR-34a,TWIST2,SNAI2,miR-101,ZEB2,miR-200c,TGF-beta,SNAI1,FOXC2,ZEB1",P,10
882,"miR-34a,TWIST2,SNAI2,miR-101,ZEB2,miR-200c,TGF-beta,GSC,ZEB1",N,9
883,"miR-34a,TWIST2,SNAI2,miR-101,ZEB2,miR-200c,TGF-beta,GSC,FOXC2,ZEB1",N,10
884,"miR-34a,TWIST2,SNAI2,miR-101,ZEB2,miR-200c,TGF-beta,GSC,TWIST1,ZEB1",P,10
885,"miR-34a,TWIST2,SNAI2,miR-101,ZEB2,miR-200c,TGF-beta,GSC,TWIST1,SNAI1",N,10
886,"miR-34a,TWIST2,SNAI2,miR-101,ZEB2,miR-200c,TGF-beta,GSC,TWIST1,SNAI1,ZEB1",N,11
887,"miR-34a,TWIST2,SNAI2,miR-101,ZEB2,miR-200c,TGF-beta,GSC,TWIST1,SNAI1,FOXC2,ZEB1",N,12
888,"miR-34a,TWIST2,SNAI2,miR-101,ZEB2,miR-200c,TGF-beta,GSC,TWIST1,FOXC2,ZEB1",P,11
889,"miR-34a,TWIST2,SNAI2,miR-101,ZEB2,miR-200c,TGF-beta,GSC,SNAI1",P,9
890,"miR-34a,TWIST2,SNAI2,miR-101,ZEB2,miR-200c,TGF-beta,GSC,SNAI1,ZEB1",P,10
891,"miR-34a,TWIST2,SNAI2,miR-101,ZEB2,miR-200c,TGF-beta,GSC,SNAI1,TWIST1,ZEB1",N,11
892,"miR-34a,TWIST2,SNAI2,miR-101,ZEB2,miR-200c,TGF-beta,GSC,SNAI1,TWIST1,FOXC2,ZEB1",N,12
893,"miR-34a,TWIST2,SNAI2,miR-101,ZEB2,miR-200c,TGF-beta,GSC,SNAI1,FOXC2,ZEB1",P,11
894,"miR-34a,TWIST2,SNAI2,miR-101,ZEB2,miR-200c,ZEB1",N,7
895,"miR-34a,TWIST2,SNAI2,miR-101,ZEB2,miR-200c,ZEB1,miR-200a,TGF-beta,SNAI1",N,10
896,"miR-34a,TWIST2,SNAI2,miR-101,ZEB2,miR-200c,ZEB1,miR-200a,TGF-beta,GSC,TWIST1,SNAI1",P,12
897,"miR-34a,TWIST2,SNAI2,miR-101,ZEB2,miR-200c,ZEB1,miR-200a,TGF-beta,GSC,SNAI1",N,11
898,"miR-34a,TWIST2,SNAI2,miR-101,ZEB2,miR-200c,ZEB1,miR-200b,TGF-beta,SNAI1",P,10
899,"miR-34a,TWIST2,SNAI2,miR-101,ZEB2,miR-200c,ZEB1,miR-200b,TGF-beta,GSC,TWIST1,SNAI1",N,12
900,"miR-34a,TWIST2,SNAI2,miR-101,ZEB2,miR-200c,ZEB1,miR-200b,TGF-beta,GSC,SNAI1",P,11
901,"miR-34a,TWIST2,SNAI2,miR-101,ZEB2,miR-200c,ZEB1,miR-141,TGF-beta,SNAI1",N,10
902,"miR-34a,TWIST2,SNAI2,miR-101,ZEB2,miR-200c,ZEB1,miR-141,TGF-beta,GSC,TWIST1,SNAI1",P,12
903,"miR-34a,TWIST2,SNAI2,miR-101,ZEB2,miR-200c,ZEB1,miR-141,TGF-beta,GSC,SNAI1",N,11
904,"miR-34a,TWIST2,SNAI2,miR-101,ZEB2,miR-200b,TGF-beta,SNAI1",P,8
905,"miR-34a,TWIST2,SNAI2,miR-101,ZEB2,miR-200b,TGF-beta,SNAI1,ZEB1",P,9
906,"miR-34a,TWIST2,SNAI2,miR-101,ZEB2,miR-200b,TGF-beta,SNAI1,TWIST1,ZEB1",N,10
907,"miR-34a,TWIST2,SNAI2,miR-101,ZEB2,miR-200b,TGF-beta,SNAI1,TWIST1,FOXC2,ZEB1",N,11
908,"miR-34a,TWIST2,SNAI2,miR-101,ZEB2,miR-200b,TGF-beta,SNAI1,FOXC2,ZEB1",P,10
909,"miR-34a,TWIST2,SNAI2,miR-101,ZEB2,miR-200b,TGF-beta,GSC,ZEB1",N,9
910,"miR-34a,TWIST2,SNAI2,miR-101,ZEB2,miR-200b,TGF-beta,GSC,FOXC2,ZEB1",N,10
911,"miR-34a,TWIST2,SNAI2,miR-101,ZEB2,miR-200b,TGF-beta,GSC,TWIST1,ZEB1",P,10
912,"miR-34a,TWIST2,SNAI2,miR-101,ZEB2,miR-200b,TGF-beta,GSC,TWIST1,SNAI1",N,10
913,"miR-34a,TWIST2,SNAI2,miR-101,ZEB2,miR-200b,TGF-beta,GSC,TWIST1,SNAI1,ZEB1",N,11
914,"miR-34a,TWIST2,SNAI2,miR-101,ZEB2,miR-200b,TGF-beta,GSC,TWIST1,SNAI1,FOXC2,ZEB1",N,12
915,"miR-34a,TWIST2,SNAI2,miR-101,ZEB2,miR-200b,TGF-beta,GSC,TWIST1,FOXC2,ZEB1",P,11
916,"miR-34a,TWIST2,SNAI2,miR-101,ZEB2,miR-200b,TGF-beta,GSC,SNAI1",P,9
917,"miR-34a,TWIST2,SNAI2,miR-101,ZEB2,miR-200b,TGF-beta,GSC,SNAI1,ZEB1",P,10
918,"miR-34a,TWIST2,SNAI2,miR-101,ZEB2,miR-200b,TGF-beta,GSC,SNAI1,TWIST1,ZEB1",N,11
919,"miR-34a,TWIST2,SNAI2,miR-101,ZEB2,miR-200b,TGF-beta,GSC,SNAI1,TWIST1,FOXC2,ZEB1",N,12
920,"miR-34a,TWIST2,SNAI2,miR-101,ZEB2,miR-200b,TGF-beta,GSC,SNAI1,FOXC2,ZEB1",P,11
921,"miR-34a,TWIST2,SNAI2,miR-101,ZEB2,miR-200b,ZEB1",P,7
922,"miR-34a,TWIST2,SNAI2,miR-101,ZEB2,miR-200b,ZEB1,miR-200a,TGF-beta,SNAI1",P,10
923,"miR-34a,TWIST2,SNAI2,miR-101,ZEB2,miR-200b,ZEB1,miR-200a,TGF-beta,GSC,TWIST1,SNAI1",N,12
924,"miR-34a,TWIST2,SNAI2,miR-101,ZEB2,miR-200b,ZEB1,miR-200a,TGF-beta,GSC,SNAI1",P,11
925,"miR-34a,TWIST2,SNAI2,miR-101,ZEB2,miR-200b,ZEB1,miR-200c,TGF-beta,SNAI1",P,10
926,"miR-34a,TWIST2,SNAI2,miR-101,ZEB2,miR-200b,ZEB1,miR-200c,TGF-beta,GSC,TWIST1,SNAI1",N,12
927,"miR-34a,TWIST2,SNAI2,miR-101,ZEB2,miR-200b,ZEB1,miR-200c,TGF-beta,GSC,SNAI1",P,11
928,"miR-34a,TWIST2,SNAI2,miR-101,ZEB2,miR-200b,ZEB1,miR-141,TGF-beta,SNAI1",P,10
929,"miR-34a,TWIST2,SNAI2,miR-101,ZEB2,miR-200b,ZEB1,miR-141,TGF-beta,GSC,TWIST1,SNAI1",N,12
930,"miR-34a,TWIST2,SNAI2,miR-101,ZEB2,miR-200b,ZEB1,miR-141,TGF-beta,GSC,SNAI1",P,11
931,"miR-34a,TWIST2,SNAI2,miR-101,ZEB1",P,5
932,"miR-34a,TWIST2,SNAI2,miR-101,ZEB1,miR-200a,TGF-beta,SNAI1",P,8
933,"miR-34a,TWIST2,SNAI2,miR-101,ZEB1,miR-200a,TGF-beta,GSC,TWIST1,SNAI1",N,10
934,"miR-34a,TWIST2,SNAI2,miR-101,ZEB1,miR-200a,TGF-beta,GSC,SNAI1",P,9
935,"miR-34a,TWIST2,SNAI2,miR-101,ZEB1,miR-200a,ZEB2,miR-200c,TGF-beta,SNAI1",N,10
936,"miR-34a,TWIST2,SNAI2,miR-101,ZEB1,miR-200a,ZEB2,miR-200c,TGF-beta,GSC,TWIST1,SNAI1",P,12
937,"miR-34a,TWIST2,SNAI2,miR-101,ZEB1,miR-200a,ZEB2,miR-200c,TGF-beta,GSC,SNAI1",N,11
938,"miR-34a,TWIST2,SNAI2,miR-101,ZEB1,miR-200a,ZEB2,miR-200b,TGF-beta,SNAI1",N,10
939,"miR-34a,TWIST2,SNAI2,miR-101,ZEB1,miR-200a,ZEB2,miR-200b,TGF-beta,GSC,TWIST1,SNAI1",P,12
940,"miR-34a,TWIST2,SNAI2,miR-101,ZEB1,miR-200a,ZEB2,miR-200b,TGF-beta,GSC,SNAI1",N,11
941,"miR-34a,TWIST2,SNAI2,miR-101,ZEB1,miR-200c,TGF-beta,SNAI1",P,8
942,"miR-34a,TWIST2,SNAI2,miR-101,ZEB1,miR-200c,TGF-beta,GSC,TWIST1,SNAI1",N,10
943,"miR-34a,TWIST2,SNAI2,miR-101,ZEB1,miR-200c,TGF-beta,GSC,SNAI1",P,9
944,"miR-34a,TWIST2,SNAI2,miR-101,ZEB1,miR-200c,ZEB2,miR-200a,TGF-beta,SNAI1",N,10
945,"miR-34a,TWIST2,SNAI2,miR-101,ZEB1,miR-200c,ZEB2,miR-200a,TGF-beta,GSC,TWIST1,SNAI1",P,12
946,"miR-34a,TWIST2,SNAI2,miR-101,ZEB1,miR-200c,ZEB2,miR-200a,TGF-beta,GSC,SNAI1",N,11
947,"miR-34a,TWIST2,SNAI2,miR-101,ZEB1,miR-200c,ZEB2,miR-200b,TGF-beta,SNAI1",N,10
948,"miR-34a,TWIST2,SNAI2,miR-101,ZEB1,miR-200c,ZEB2,miR-200b,TGF-beta,GSC,TWIST1,SNAI1",P,12
949,"miR-34a,TWIST2,SNAI2,miR-101,ZEB1,miR-200c,ZEB2,miR-200b,TGF-beta,GSC,SNAI1",N,11
950,"miR-34a,TWIST2,SNAI2,miR-101,ZEB1,miR-200b,TGF-beta,SNAI1",N,8
951,"miR-34a,TWIST2,SNAI2,miR-101,ZEB1,miR-200b,TGF-beta,GSC,TWIST1,SNAI1",P,10
952,"miR-34a,TWIST2,SNAI2,miR-101,ZEB1,miR-200b,TGF-beta,GSC,SNAI1",N,9
953,"miR-34a,TWIST2,SNAI2,miR-101,ZEB1,miR-200b,ZEB2,miR-200a,TGF-beta,SNAI1",P,10
954,"miR-34a,TWIST2,SNAI2,miR-101,ZEB1,miR-200b,ZEB2,miR-200a,TGF-beta,GSC,TWIST1,SNAI1",N,12
955,"miR-34a,TWIST2,SNAI2,miR-101,ZEB1,miR-200b,ZEB2,miR-200a,TGF-beta,GSC,SNAI1",P,11
956,"miR-34a,TWIST2,SNAI2,miR-101,ZEB1,miR-200b,ZEB2,miR-200c,TGF-beta,SNAI1",P,10
957,"miR-34a,TWIST2,SNAI2,miR-101,ZEB1,miR-200b,ZEB2,miR-200c,TGF-beta,GSC,TWIST1,SNAI1",N,12
958,"miR-34a,TWIST2,SNAI2,miR-101,ZEB1,miR-200b,ZEB2,miR-200c,TGF-beta,GSC,SNAI1",P,11
959,"miR-34a,TWIST2,SNAI2,miR-101,ZEB1,miR-141,TGF-beta,SNAI1",P,8
960,"miR-34a,TWIST2,SNAI2,miR-101,ZEB1,miR-141,TGF-beta,GSC,TWIST1,SNAI1",N,10
961,"miR-34a,TWIST2,SNAI2,miR-101,ZEB1,miR-141,TGF-beta,GSC,SNAI1",P,9
962,"miR-34a,TWIST2,SNAI2,miR-101,ZEB1,miR-141,ZEB2,miR-200a,TGF-beta,SNAI1",P,10
963,"miR-34a,TWIST2,SNAI2,miR-101,ZEB1,miR-141,ZEB2,miR-200a,TGF-beta,GSC,TWIST1,SNAI1",N,12
964,"miR-34a,TWIST2,SNAI2,miR-101,ZEB1,miR-141,ZEB2,miR-200a,TGF-beta,GSC,SNAI1",P,11
965,"miR-34a,TWIST2,SNAI2,miR-101,ZEB1,miR-141,ZEB2,miR-200c,TGF-beta,SNAI1",P,10
966,"miR-34a,TWIST2,SNAI2,miR-101,ZEB1,miR-141,ZEB2,miR-200c,TGF-beta,GSC,TWIST1,SNAI1",N,12
967,"miR-34a,TWIST2,SNAI2,miR-101,ZEB1,miR-141,ZEB2,miR-200c,TGF-beta,GSC,SNAI1",P,11
968,"miR-34a,TWIST2,SNAI2,miR-101,ZEB1,miR-141,ZEB2,miR-200b,TGF-beta,SNAI1",P,10
969,"miR-34a,TWIST2,SNAI2,miR-101,ZEB1,miR-141,ZEB2,miR-200b,TGF-beta,GSC,TWIST1,SNAI1",N,12
970,"miR-34a,TWIST2,SNAI2,miR-101,ZEB1,miR-141,ZEB2,miR-200b,TGF-beta,GSC,SNAI1",P,11
971,"miR-34a,TWIST2,SNAI1,miR-101,ZEB2,miR-200a,TGF-beta,SNAI2,miR-200b,ZEB1",P,10
972,"miR-34a,TWIST2,SNAI1,miR-101,ZEB2,miR-200a,TGF-beta,GSC,ZEB1",N,9
973,"miR-34a,TWIST2,SNAI1,miR-101,ZEB2,miR-200a,TGF-beta,GSC,FOXC2,ZEB1",N,10
974,"miR-34a,TWIST2,SNAI1,miR-101,ZEB2,miR-200a,TGF-beta,GSC,TWIST1,ZEB1",P,10
975,"miR-34a,TWIST2,SNAI1,miR-101,ZEB2,miR-200a,TGF-beta,GSC,TWIST1,SNAI2,miR-200b,ZEB1",N,12
976,"miR-34a,TWIST2,SNAI1,miR-101,ZEB2,miR-200a,TGF-beta,GSC,TWIST1,FOXC2,ZEB1",P,11
977,"miR-34a,TWIST2,SNAI1,miR-101,ZEB2,miR-200a,ZEB1",N,7
978,"miR-34a,TWIST2,SNAI1,miR-101,ZEB2,miR-200c,TGF-beta,SNAI2,miR-200b,ZEB1",P,10
979,"miR-34a,TWIST2,SNAI1,miR-101,ZEB2,miR-200c,TGF-beta,GSC,ZEB1",N,9
980,"miR-34a,TWIST2,SNAI1,miR-101,ZEB2,miR-200c,TGF-beta,GSC,FOXC2,ZEB1",N,10
981,"miR-34a,TWIST2,SNAI1,miR-101,ZEB2,miR-200c,TGF-beta,GSC,TWIST1,ZEB1",P,10
982,"miR-34a,TWIST2,SNAI1,miR-101,ZEB2,miR-200c,TGF-beta,GSC,TWIST1,SNAI2,miR-200b,ZEB1",N,12
983,"miR-34a,TWIST2,SNAI1,miR-101,ZEB2,miR-200c,TGF-beta,GSC,TWIST1,FOXC2,ZEB1",P,11
984,"miR-34a,TWIST2,SNAI1,miR-101,ZEB2,miR-200c,ZEB1",N,7
985,"miR-34a,TWIST2,SNAI1,miR-101,ZEB2,miR-200b,TGF-beta,GSC,ZEB1",N,9
986,"miR-34a,TWIST2,SNAI1,miR-101,ZEB2,miR-200b,TGF-beta,GSC,FOXC2,ZEB1",N,10
987,"miR-34a,TWIST2,SNAI1,miR-101,ZEB2,miR-200b,TGF-beta,GSC,TWIST1,ZEB1",P,10
988,"miR-34a,TWIST2,SNAI1,miR-101,ZEB2,miR-200b,TGF-beta,GSC,TWIST1,FOXC2,ZEB1",P,11
989,"miR-34a,TWIST2,SNAI1,miR-101,ZEB2,miR-200b,ZEB1",P,7
990,"miR-34a,TWIST2,SNAI1,miR-101,ZEB1",P,5
991,"miR-34a,TWIST2,SNAI1",P,3
992,"miR-34a,TWIST2,SNAI1,ZEB2,miR-200a,TGF-beta,SNAI2,miR-200b,ZEB1",N,9
993,"miR-34a,TWIST2,SNAI1,ZEB2,miR-200a,TGF-beta,SNAI2,miR-101,ZEB1",N,9
994,"miR-34a,TWIST2,SNAI1,ZEB2,miR-200a,TGF-beta,GSC,ZEB1",P,8
995,"miR-34a,TWIST2,SNAI1,ZEB2,miR-200a,TGF-beta,GSC,FOXC2,ZEB1",P,9
996,"miR-34a,TWIST2,SNAI1,ZEB2,miR-200a,TGF-beta,GSC,TWIST1,ZEB1",N,9
997,"miR-34a,TWIST2,SNAI1,ZEB2,miR-200a,TGF-beta,GSC,TWIST1,SNAI2,miR-200b,ZEB1",P,11
998,"miR-34a,TWIST2,SNAI1,ZEB2,miR-200a,TGF-beta,GSC,TWIST1,SNAI2,miR-101,ZEB1",P,11
999,"miR-34a,TWIST2,SNAI1,ZEB2,miR-200a,TGF-beta,GSC,TWIST1,FOXC2,ZEB1",N,10
1000,"miR-34a,TWIST2,SNAI1,ZEB2,miR-200a,ZEB1",P,6
1001,"miR-34a,TWIST2,SNAI1,ZEB2,miR-200c,TGF-beta,SNAI2,miR-200b,ZEB1",N,9
1002,"miR-34a,TWIST2,SNAI1,ZEB2,miR-200c,TGF-beta,SNAI2,miR-101,ZEB1",N,9
1003,"miR-34a,TWIST2,SNAI1,ZEB2,miR-200c,TGF-beta,GSC,ZEB1",P,8
1004,"miR-34a,TWIST2,SNAI1,ZEB2,miR-200c,TGF-beta,GSC,FOXC2,ZEB1",P,9
1005,"miR-34a,TWIST2,SNAI1,ZEB2,miR-200c,TGF-beta,GSC,TWIST1,ZEB1",N,9
1006,"miR-34a,TWIST2,SNAI1,ZEB2,miR-200c,TGF-beta,GSC,TWIST1,SNAI2,miR-200b,ZEB1",P,11
1007,"miR-34a,TWIST2,SNAI1,ZEB2,miR-200c,TGF-beta,GSC,TWIST1,SNAI2,miR-101,ZEB1",P,11
1008,"miR-34a,TWIST2,SNAI1,ZEB2,miR-200c,TGF-beta,GSC,TWIST1,FOXC2,ZEB1",N,10
1009,"miR-34a,TWIST2,SNAI1,ZEB2,miR-200c,ZEB1",P,6
1010,"miR-34a,TWIST2,SNAI1,ZEB2,miR-200b,TGF-beta,SNAI2,miR-101,ZEB1",N,9
1011,"miR-34a,TWIST2,SNAI1,ZEB2,miR-200b,TGF-beta,GSC,ZEB1",P,8
1012,"miR-34a,TWIST2,SNAI1,ZEB2,miR-200b,TGF-beta,GSC,FOXC2,ZEB1",P,9
1013,"miR-34a,TWIST2,SNAI1,ZEB2,miR-200b,TGF-beta,GSC,TWIST1,ZEB1",N,9
1014,"miR-34a,TWIST2,SNAI1,ZEB2,miR-200b,TGF-beta,GSC,TWIST1,SNAI2,miR-101,ZEB1",P,11
1015,"miR-34a,TWIST2,SNAI1,ZEB2,miR-200b,TGF-beta,GSC,TWIST1,FOXC2,ZEB1",N,10
1016,"miR-34a,TWIST2,SNAI1,ZEB2,miR-200b,ZEB1",N,6
1017,"miR-34a,TWIST2,SNAI1,ZEB1",P,4
1018,"miR-34a,TWIST2,SNAI1,TWIST1,ZEB2,miR-200a,TGF-beta,SNAI2,miR-200b,ZEB1",P,10
1019,"miR-34a,TWIST2,SNAI1,TWIST1,ZEB2,miR-200a,TGF-beta,SNAI2,miR-101,ZEB1",P,10
1020,"miR-34a,TWIST2,SNAI1,TWIST1,ZEB2,miR-200a,TGF-beta,GSC,ZEB1",N,9
1021,"miR-34a,TWIST2,SNAI1,TWIST1,ZEB2,miR-200a,TGF-beta,GSC,FOXC2,ZEB1",N,10
1022,"miR-34a,TWIST2,SNAI1,TWIST1,ZEB2,miR-200a,ZEB1",N,7
1023,"miR-34a,TWIST2,SNAI1,TWIST1,ZEB2,miR-200c,TGF-beta,SNAI2,miR-200b,ZEB1",P,10
1024,"miR-34a,TWIST2,SNAI1,TWIST1,ZEB2,miR-200c,TGF-beta,SNAI2,miR-101,ZEB1",P,10
1025,"miR-34a,TWIST2,SNAI1,TWIST1,ZEB2,miR-200c,TGF-beta,GSC,ZEB1",N,9
1026,"miR-34a,TWIST2,SNAI1,TWIST1,ZEB2,miR-200c,TGF-beta,GSC,FOXC2,ZEB1",N,10
1027,"miR-34a,TWIST2,SNAI1,TWIST1,ZEB2,miR-200c,ZEB1",N,7
1028,"miR-34a,TWIST2,SNAI1,TWIST1,ZEB2,miR-200b,TGF-beta,SNAI2,miR-101,ZEB1",P,10
1029,"miR-34a,TWIST2,SNAI1,TWIST1,ZEB2,miR-200b,TGF-beta,GSC,ZEB1",N,9
1030,"miR-34a,TWIST2,SNAI1,TWIST1,ZEB2,miR-200b,TGF-beta,GSC,FOXC2,ZEB1",N,10
1031,"miR-34a,TWIST2,SNAI1,TWIST1,ZEB2,miR-200b,ZEB1",P,7
1032,"miR-34a,TWIST2,SNAI1,TWIST1,ZEB1",N,5
1033,"miR-34a,TWIST2,SNAI1,TWIST1,SNAI2,miR-200b,TGF-beta,GSC,ZEB2,miR-200a,ZEB1",N,11
1034,"miR-34a,TWIST2,SNAI1,TWIST1,SNAI2,miR-200b,TGF-beta,GSC,ZEB2,miR-200c,ZEB1",N,11
1035,"miR-34a,TWIST2,SNAI1,TWIST1,SNAI2,miR-200b,TGF-beta,GSC,ZEB1",N,9
1036,"miR-34a,TWIST2,SNAI1,TWIST1,SNAI2,miR-200b,TGF-beta,GSC,FOXC2,ZEB1",N,10
1037,"miR-34a,TWIST2,SNAI1,TWIST1,SNAI2,miR-200b,ZEB2,miR-200a,TGF-beta,GSC,ZEB1",P,11
1038,"miR-34a,TWIST2,SNAI1,TWIST1,SNAI2,miR-200b,ZEB2,miR-200a,TGF-beta,GSC,FOXC2,ZEB1",P,12
1039,"miR-34a,TWIST2,SNAI1,TWIST1,SNAI2,miR-200b,ZEB2,miR-200a,ZEB1",P,9
1040,"miR-34a,TWIST2,SNAI1,TWIST1,SNAI2,miR-200b,ZEB2,miR-200c,TGF-beta,GSC,ZEB1",P,11
1041,"miR-34a,TWIST2,SNAI1,TWIST1,SNAI2,miR-200b,ZEB2,miR-200c,TGF-beta,GSC,FOXC2,ZEB1",P,12
1042,"miR-34a,TWIST2,SNAI1,TWIST1,SNAI2,miR-200b,ZEB2,miR-200c,ZEB1",P,9
1043,"miR-34a,TWIST2,SNAI1,TWIST1,SNAI2,miR-200b,ZEB1",P,7
1044,"miR-34a,TWIST2,SNAI1,TWIST1,SNAI2,miR-101,ZEB2,miR-200a,TGF-beta,GSC,ZEB1",N,11
1045,"miR-34a,TWIST2,SNAI1,TWIST1,SNAI2,miR-101,ZEB2,miR-200a,TGF-beta,GSC,FOXC2,ZEB1",N,12
1046,"miR-34a,TWIST2,SNAI1,TWIST1,SNAI2,miR-101,ZEB2,miR-200a,ZEB1",N,9
1047,"miR-34a,TWIST2,SNAI1,TWIST1,SNAI2,miR-101,ZEB2,miR-200c,TGF-beta,GSC,ZEB1",N,11
1048,"miR-34a,TWIST2,SNAI1,TWIST1,SNAI2,miR-101,ZEB2,miR-200c,TGF-beta,GSC,FOXC2,ZEB1",N,12
1049,"miR-34a,TWIST2,SNAI1,TWIST1,SNAI2,miR-101,ZEB2,miR-200c,ZEB1",N,9
1050,"miR-34a,TWIST2,SNAI1,TWIST1,SNAI2,miR-101,ZEB2,miR-200b,TGF-beta,GSC,ZEB1",N,11
1051,"miR-34a,TWIST2,SNAI1,TWIST1,SNAI2,miR-101,ZEB2,miR-200b,TGF-beta,GSC,FOXC2,ZEB1",N,12
1052,"miR-34a,TWIST2,SNAI1,TWIST1,SNAI2,miR-101,ZEB2,miR-200b,ZEB1",P,9
1053,"miR-34a,TWIST2,SNAI1,TWIST1,SNAI2,miR-101,ZEB1",P,7
1054,"miR-34a,TWIST2,SNAI1,TWIST1,FOXC2,ZEB1",N,6
1055,"miR-34a,TWIST2,SNAI1,SNAI2,miR-200b,TGF-beta,GSC,ZEB2,miR-200a,ZEB1",P,10
1056,"miR-34a,TWIST2,SNAI1,SNAI2,miR-200b,TGF-beta,GSC,ZEB2,miR-200c,ZEB1",P,10
1057,"miR-34a,TWIST2,SNAI1,SNAI2,miR-200b,TGF-beta,GSC,ZEB1",P,8
1058,"miR-34a,TWIST2,SNAI1,SNAI2,miR-200b,TGF-beta,GSC,FOXC2,ZEB1",P,9
1059,"miR-34a,TWIST2,SNAI1,SNAI2,miR-200b,TGF-beta,GSC,TWIST1,ZEB2,miR-200a,ZEB1",N,11
1060,"miR-34a,TWIST2,SNAI1,SNAI2,miR-200b,TGF-beta,GSC,TWIST1,ZEB2,miR-200c,ZEB1",N,11
1061,"miR-34a,TWIST2,SNAI1,SNAI2,miR-200b,TGF-beta,GSC,TWIST1,ZEB1",N,9
1062,"miR-34a,TWIST2,SNAI1,SNAI2,miR-200b,TGF-beta,GSC,TWIST1,FOXC2,ZEB1",N,10
1063,"miR-34a,TWIST2,SNAI1,SNAI2,miR-200b,ZEB2,miR-200a,TGF-beta,GSC,ZEB1",N,10
1064,"miR-34a,TWIST2,SNAI1,SNAI2,miR-200b,ZEB2,miR-200a,TGF-beta,GSC,FOXC2,ZEB1",N,11
1065,"miR-34a,TWIST2,SNAI1,SNAI2,miR-200b,ZEB2,miR-200a,TGF-beta,GSC,TWIST1,ZEB1",P,11
1066,"miR-34a,TWIST2,SNAI1,SNAI2,miR-200b,ZEB2,miR-200a,TGF-beta,GSC,TWIST1,FOXC2,ZEB1",P,12
1067,"miR-34a,TWIST2,SNAI1,SNAI2,miR-200b,ZEB2,miR-200a,ZEB1",N,8
1068,"miR-34a,TWIST2,SNAI1,SNAI2,miR-200b,ZEB2,miR-200c,TGF-beta,GSC,ZEB1",N,10
1069,"miR-34a,TWIST2,SNAI1,SNAI2,miR-200b,ZEB2,miR-200c,TGF-beta,GSC,FOXC2,ZEB1",N,11
1070,"miR-34a,TWIST2,SNAI1,SNAI2,miR-200b,ZEB2,miR-200c,TGF-beta,GSC,TWIST1,ZEB1",P,11
1071,"miR-34a,TWIST2,SNAI1,SNAI2,miR-200b,ZEB2,miR-200c,TGF-beta,GSC,TWIST1,FOXC2,ZEB1",P,12
1072,"miR-34a,TWIST2,SNAI1,SNAI2,miR-200b,ZEB2,miR-200c,ZEB1",N,8
1073,"miR-34a,TWIST2,SNAI1,SNAI2,miR-200b,ZEB1",N,6
1074,"miR-34a,TWIST2,SNAI1,SNAI2,miR-101,ZEB2,miR-200a,TGF-beta,GSC,ZEB1",P,10
1075,"miR-34a,TWIST2,SNAI1,SNAI2,miR-101,ZEB2,miR-200a,TGF-beta,GSC,FOXC2,ZEB1",P,11
1076,"miR-34a,TWIST2,SNAI1,SNAI2,miR-101,ZEB2,miR-200a,TGF-beta,GSC,TWIST1,ZEB1",N,11
1077,"miR-34a,TWIST2,SNAI1,SNAI2,miR-101,ZEB2,miR-200a,TGF-beta,GSC,TWIST1,FOXC2,ZEB1",N,12
1078,"miR-34a,TWIST2,SNAI1,SNAI2,miR-101,ZEB2,miR-200a,ZEB1",P,8
1079,"miR-34a,TWIST2,SNAI1,SNAI2,miR-101,ZEB2,miR-200c,TGF-beta,GSC,ZEB1",P,10
1080,"miR-34a,TWIST2,SNAI1,SNAI2,miR-101,ZEB2,miR-200c,TGF-beta,GSC,FOXC2,ZEB1",P,11
1081,"miR-34a,TWIST2,SNAI1,SNAI2,miR-101,ZEB2,miR-200c,TGF-beta,GSC,TWIST1,ZEB1",N,11
1082,"miR-34a,TWIST2,SNAI1,SNAI2,miR-101,ZEB2,miR-200c,TGF-beta,GSC,TWIST1,FOXC2,ZEB1",N,12
1083,"miR-34a,TWIST2,SNAI1,SNAI2,miR-101,ZEB2,miR-200c,ZEB1",P,8
1084,"miR-34a,TWIST2,SNAI1,SNAI2,miR-101,ZEB2,miR-200b,TGF-beta,GSC,ZEB1",P,10
1085,"miR-34a,TWIST2,SNAI1,SNAI2,miR-101,ZEB2,miR-200b,TGF-beta,GSC,FOXC2,ZEB1",P,11
1086,"miR-34a,TWIST2,SNAI1,SNAI2,miR-101,ZEB2,miR-200b,TGF-beta,GSC,TWIST1,ZEB1",N,11
1087,"miR-34a,TWIST2,SNAI1,SNAI2,miR-101,ZEB2,miR-200b,TGF-beta,GSC,TWIST1,FOXC2,ZEB1",N,12
1088,"miR-34a,TWIST2,SNAI1,SNAI2,miR-101,ZEB2,miR-200b,ZEB1",N,8
1089,"miR-34a,TWIST2,SNAI1,SNAI2,miR-101,ZEB1",N,6
1090,"miR-34a,TWIST2,SNAI1,FOXC2,ZEB1",P,5
1091,"miR-34a,SNAI2,miR-200b,TGF-beta,SNAI1,miR-101,ZEB2,miR-200a,ZEB1",P,9
1092,"miR-34a,SNAI2,miR-200b,TGF-beta,SNAI1,miR-101,ZEB2,miR-200c,ZEB1",P,9
1093,"miR-34a,SNAI2,miR-200b,TGF-beta,SNAI1,miR-101,ZEB1",N,7
1094,"miR-34a,SNAI2,miR-200b,TGF-beta,SNAI1",N,5
1095,"miR-34a,SNAI2,miR-200b,TGF-beta,SNAI1,ZEB2,miR-200a,ZEB1",N,8
1096,"miR-34a,SNAI2,miR-200b,TGF-beta,SNAI1,ZEB2,miR-200c,ZEB1",N,8
1097,"miR-34a,SNAI2,miR-200b,TGF-beta,SNAI1,ZEB1",N,6
1098,"miR-34a,SNAI2,miR-200b,TGF-beta,SNAI1,TWIST1,ZEB2,miR-200a,ZEB1",P,9
1099,"miR-34a,SNAI2,miR-200b,TGF-beta,SNAI1,TWIST1,ZEB2,miR-200c,ZEB1",P,9
1100,"miR-34a,SNAI2,miR-200b,TGF-beta,SNAI1,TWIST1,ZEB1",P,7
1101,"miR-34a,SNAI2,miR-200b,TGF-beta,SNAI1,TWIST1,FOXC2,ZEB1",P,8
1102,"miR-34a,SNAI2,miR-200b,TGF-beta,SNAI1,FOXC2,ZEB1",N,7
1103,"miR-34a,SNAI2,miR-200b,TGF-beta,GSC,ZEB2,miR-200a,ZEB1",P,8
1104,"miR-34a,SNAI2,miR-200b,TGF-beta,GSC,ZEB2,miR-200c,ZEB1",P,8
1105,"miR-34a,SNAI2,miR-200b,TGF-beta,GSC,ZEB1",P,6
1106,"miR-34a,SNAI2,miR-200b,TGF-beta,GSC,FOXC2,ZEB1",P,7
1107,"miR-34a,SNAI2,miR-200b,TGF-beta,GSC,TWIST1,ZEB2,miR-200a,ZEB1",N,9
1108,"miR-34a,SNAI2,miR-200b,TGF-beta,GSC,TWIST1,ZEB2,miR-200c,ZEB1",N,9
1109,"miR-34a,SNAI2,miR-200b,TGF-beta,GSC,TWIST1,ZEB1",N,7
1110,"miR-34a,SNAI2,miR-200b,TGF-beta,GSC,TWIST1,SNAI1,miR-101,ZEB2,miR-200a,ZEB1",N,11
1111,"miR-34a,SNAI2,miR-200b,TGF-beta,GSC,TWIST1,SNAI1,miR-101,ZEB2,miR-200c,ZEB1",N,11
1112,"miR-34a,SNAI2,miR-200b,TGF-beta,GSC,TWIST1,SNAI1,miR-101,ZEB1",P,9
1113,"miR-34a,SNAI2,miR-200b,TGF-beta,GSC,TWIST1,SNAI1",P,7
1114,"miR-34a,SNAI2,miR-200b,TGF-beta,GSC,TWIST1,SNAI1,ZEB2,miR-200a,ZEB1",P,10
1115,"miR-34a,SNAI2,miR-200b,TGF-beta,GSC,TWIST1,SNAI1,ZEB2,miR-200c,ZEB1",P,10
1116,"miR-34a,SNAI2,miR-200b,TGF-beta,GSC,TWIST1,SNAI1,ZEB1",P,8
1117,"miR-34a,SNAI2,miR-200b,TGF-beta,GSC,TWIST1,SNAI1,FOXC2,ZEB1",P,9
1118,"miR-34a,SNAI2,miR-200b,TGF-beta,GSC,TWIST1,FOXC2,ZEB1",N,8
1119,"miR-34a,SNAI2,miR-200b,TGF-beta,GSC,SNAI1,miR-101,ZEB2,miR-200a,ZEB1",P,10
1120,"miR-34a,SNAI2,miR-200b,TGF-beta,GSC,SNAI1,miR-101,ZEB2,miR-200c,ZEB1",P,10
1121,"miR-34a,SNAI2,miR-200b,TGF-beta,GSC,SNAI1,miR-101,ZEB1",N,8
1122,"miR-34a,SNAI2,miR-200b,TGF-beta,GSC,SNAI1",N,6
1123,"miR-34a,SNAI2,miR-200b,TGF-beta,GSC,SNAI1,ZEB2,miR-200a,ZEB1",N,9
1124,"miR-34a,SNAI2,miR-200b,TGF-beta,GSC,SNAI1,ZEB2,miR-200c,ZEB1",N,9
1125,"miR-34a,SNAI2,miR-200b,TGF-beta,GSC,SNAI1,ZEB1",N,7
1126,"miR-34a,SNAI2,miR-200b,TGF-beta,GSC,SNAI1,TWIST1,ZEB2,miR-200a,ZEB1",P,10
1127,"miR-34a,SNAI2,miR-200b,TGF-beta,GSC,SNAI1,TWIST1,ZEB2,miR-200c,ZEB1",P,10
1128,"miR-34a,SNAI2,miR-200b,TGF-beta,GSC,SNAI1,TWIST1,ZEB1",P,8
1129,"miR-34a,SNAI2,miR-200b,TGF-beta,GSC,SNAI1,TWIST1,FOXC2,ZEB1",P,9
1130,"miR-34a,SNAI2,miR-200b,TGF-beta,GSC,SNAI1,FOXC2,ZEB1",N,8
1131,"miR-34a,SNAI2,miR-200b,ZEB2,miR-200a,TGF-beta,SNAI1,miR-101,ZEB1",P,9
1132,"miR-34a,SNAI2,miR-200b,ZEB2,miR-200a,TGF-beta,SNAI1",P,7
1133,"miR-34a,SNAI2,miR-200b,ZEB2,miR-200a,TGF-beta,SNAI1,ZEB1",P,8
1134,"miR-34a,SNAI2,miR-200b,ZEB2,miR-200a,TGF-beta,SNAI1,TWIST1,ZEB1",N,9
1135,"miR-34a,SNAI2,miR-200b,ZEB2,miR-200a,TGF-beta,SNAI1,TWIST1,FOXC2,ZEB1",N,10
1136,"miR-34a,SNAI2,miR-200b,ZEB2,miR-200a,TGF-beta,SNAI1,FOXC2,ZEB1",P,9
1137,"miR-34a,SNAI2,miR-200b,ZEB2,miR-200a,TGF-beta,GSC,ZEB1",N,8
1138,"miR-34a,SNAI2,miR-200b,ZEB2,miR-200a,TGF-beta,GSC,FOXC2,ZEB1",N,9
1139,"miR-34a,SNAI2,miR-200b,ZEB2,miR-200a,TGF-beta,GSC,TWIST1,ZEB1",P,9
1140,"miR-34a,SNAI2,miR-200b,ZEB2,miR-200a,TGF-beta,GSC,TWIST1,SNAI1,miR-101,ZEB1",N,11
1141,"miR-34a,SNAI2,miR-200b,ZEB2,miR-200a,TGF-beta,GSC,TWIST1,SNAI1",N,9
1142,"miR-34a,SNAI2,miR-200b,ZEB2,miR-200a,TGF-beta,GSC,TWIST1,SNAI1,ZEB1",N,10
1143,"miR-34a,SNAI2,miR-200b,ZEB2,miR-200a,TGF-beta,GSC,TWIST1,SNAI1,FOXC2,ZEB1",N,11
1144,"miR-34a,SNAI2,miR-200b,ZEB2,miR-200a,TGF-beta,GSC,TWIST1,FOXC2,ZEB1",P,10
1145,"miR-34a,SNAI2,miR-200b,ZEB2,miR-200a,TGF-beta,GSC,SNAI1,miR-101,ZEB1",P,10
1146,"miR-34a,SNAI2,miR-200b,ZEB2,miR-200a,TGF-beta,GSC,SNAI1",P,8
1147,"miR-34a,SNAI2,miR-200b,ZEB2,miR-200a,TGF-beta,GSC,SNAI1,ZEB1",P,9
1148,"miR-34a,SNAI2,miR-200b,ZEB2,miR-200a,TGF-beta,GSC,SNAI1,TWIST1,ZEB1",N,10
1149,"miR-34a,SNAI2,miR-200b,ZEB2,miR-200a,TGF-beta,GSC,SNAI1,TWIST1,FOXC2,ZEB1",N,11
1150,"miR-34a,SNAI2,miR-200b,ZEB2,miR-200a,TGF-beta,GSC,SNAI1,FOXC2,ZEB1",P,10
1151,"miR-34a,SNAI2,miR-200b,ZEB2,miR-200a,ZEB1",N,6
1152,"miR-34a,SNAI2,miR-200b,ZEB2,miR-200a,ZEB1,miR-200c,TGF-beta,SNAI1",N,9
1153,"miR-34a,SNAI2,miR-200b,ZEB2,miR-200a,ZEB1,miR-200c,TGF-beta,GSC,TWIST1,SNAI1",P,11
1154,"miR-34a,SNAI2,miR-200b,ZEB2,miR-200a,ZEB1,miR-200c,TGF-beta,GSC,SNAI1",N,10
1155,"miR-34a,SNAI2,miR-200b,ZEB2,miR-200a,ZEB1,miR-141,TGF-beta,SNAI1",N,9
1156,"miR-34a,SNAI2,miR-200b,ZEB2,miR-200a,ZEB1,miR-141,TGF-beta,GSC,TWIST1,SNAI1",P,11
1157,"miR-34a,SNAI2,miR-200b,ZEB2,miR-200a,ZEB1,miR-141,TGF-beta,GSC,SNAI1",N,10
1158,"miR-34a,SNAI2,miR-200b,ZEB2,miR-200c,TGF-beta,SNAI1,miR-101,ZEB1",P,9
1159,"miR-34a,SNAI2,miR-200b,ZEB2,miR-200c,TGF-beta,SNAI1",P,7
1160,"miR-34a,SNAI2,miR-200b,ZEB2,miR-200c,TGF-beta,SNAI1,ZEB1",P,8
1161,"miR-34a,SNAI2,miR-200b,ZEB2,miR-200c,TGF-beta,SNAI1,TWIST1,ZEB1",N,9
1162,"miR-34a,SNAI2,miR-200b,ZEB2,miR-200c,TGF-beta,SNAI1,TWIST1,FOXC2,ZEB1",N,10
1163,"miR-34a,SNAI2,miR-200b,ZEB2,miR-200c,TGF-beta,SNAI1,FOXC2,ZEB1",P,9
1164,"miR-34a,SNAI2,miR-200b,ZEB2,miR-200c,TGF-beta,GSC,ZEB1",N,8
1165,"miR-34a,SNAI2,miR-200b,ZEB2,miR-200c,TGF-beta,GSC,FOXC2,ZEB1",N,9
1166,"miR-34a,SNAI2,miR-200b,ZEB2,miR-200c,TGF-beta,GSC,TWIST1,ZEB1",P,9
1167,"miR-34a,SNAI2,miR-200b,ZEB2,miR-200c,TGF-beta,GSC,TWIST1,SNAI1,miR-101,ZEB1",N,11
1168,"miR-34a,SNAI2,miR-200b,ZEB2,miR-200c,TGF-beta,GSC,TWIST1,SNAI1",N,9
1169,"miR-34a,SNAI2,miR-200b,ZEB2,miR-200c,TGF-beta,GSC,TWIST1,SNAI1,ZEB1",N,10
1170,"miR-34a,SNAI2,miR-200b,ZEB2,miR-200c,TGF-beta,GSC,TWIST1,SNAI1,FOXC2,ZEB1",N,11
1171,"miR-34a,SNAI2,miR-200b,ZEB2,miR-200c,TGF-beta,GSC,TWIST1,FOXC2,ZEB1",P,10
1172,"miR-34a,SNAI2,miR-200b,ZEB2,miR-200c,TGF-beta,GSC,SNAI1,miR-101,ZEB1",P,10
1173,"miR-34a,SNAI2,miR-200b,ZEB2,miR-200c,TGF-beta,GSC,SNAI1",P,8
1174,"miR-34a,SNAI2,miR-200b,ZEB2,miR-200c,TGF-beta,GSC,SNAI1,ZEB1",P,9
1175,"miR-34a,SNAI2,miR-200b,ZEB2,miR-200c,TGF-beta,GSC,SNAI1,TWIST1,ZEB1",N,10
1176,"miR-34a,SNAI2,miR-200b,ZEB2,miR-200c,TGF-beta,GSC,SNAI1,TWIST1,FOXC2,ZEB1",N,11
1177,"miR-34a,SNAI2,miR-200b,ZEB2,miR-200c,TGF-beta,GSC,SNAI1,FOXC2,ZEB1",P,10
1178,"miR-34a,SNAI2,miR-200b,ZEB2,miR-200c,ZEB1",N,6
1179,"miR-34a,SNAI2,miR-200b,ZEB2,miR-200c,ZEB1,miR-200a,TGF-beta,SNAI1",N,9
1180,"miR-34a,SNAI2,miR-200b,ZEB2,miR-200c,ZEB1,miR-200a,TGF-beta,GSC,TWIST1,SNAI1",P,11
1181,"miR-34a,SNAI2,miR-200b,ZEB2,miR-200c,ZEB1,miR-200a,TGF-beta,GSC,SNAI1",N,10
1182,"miR-34a,SNAI2,miR-200b,ZEB2,miR-200c,ZEB1,miR-141,TGF-beta,SNAI1",N,9
1183,"miR-34a,SNAI2,miR-200b,ZEB2,miR-200c,ZEB1,miR-141,TGF-beta,GSC,TWIST1,SNAI1",P,11
1184,"miR-34a,SNAI2,miR-200b,ZEB2,miR-200c,ZEB1,miR-141,TGF-beta,GSC,SNAI1",N,10
1185,"miR-34a,SNAI2,miR-200b,ZEB1",N,4
1186,"miR-34a,SNAI2,miR-200b,ZEB1,miR-200a,TGF-beta,SNAI1",N,7
1187,"miR-34a,SNAI2,miR-200b,ZEB1,miR-200a,TGF-beta,GSC,TWIST1,SNAI1",P,9
1188,"miR-34a,SNAI2,miR-200b,ZEB1,miR-200a,TGF-beta,GSC,SNAI1",N,8
1189,"miR-34a,SNAI2,miR-200b,ZEB1,miR-200a,ZEB2,miR-200c,TGF-beta,SNAI1",P,9
1190,"miR-34a,SNAI2,miR-200b,ZEB1,miR-200a,ZEB2,miR-200c,TGF-beta,GSC,TWIST1,SNAI1",N,11
1191,"miR-34a,SNAI2,miR-200b,ZEB1,miR-200a,ZEB2,miR-200c,TGF-beta,GSC,SNAI1",P,10
1192,"miR-34a,SNAI2,miR-200b,ZEB1,miR-200c,TGF-beta,SNAI1",N,7
1193,"miR-34a,SNAI2,miR-200b,ZEB1,miR-200c,TGF-beta,GSC,TWIST1,SNAI1",P,9
1194,"miR-34a,SNAI2,miR-200b,ZEB1,miR-200c,TGF-beta,GSC,SNAI1",N,8
1195,"miR-34a,SNAI2,miR-200b,ZEB1,miR-200c,ZEB2,miR-200a,TGF-beta,SNAI1",P,9
1196,"miR-34a,SNAI2,miR-200b,ZEB1,miR-200c,ZEB2,miR-200a,TGF-beta,GSC,TWIST1,SNAI1",N,11
1197,"miR-34a,SNAI2,miR-200b,ZEB1,miR-200c,ZEB2,miR-200a,TGF-beta,GSC,SNAI1",P,10
1198,"miR-34a,SNAI2,miR-200b,ZEB1,miR-141,TGF-beta,SNAI1",N,7
1199,"miR-34a,SNAI2,miR-200b,ZEB1,miR-141,TGF-beta,GSC,TWIST1,SNAI1",P,9
1200,"miR-34a,SNAI2,miR-200b,ZEB1,miR-141,TGF-beta,GSC,SNAI1",N,8
1201,"miR-34a,SNAI2,miR-200b,ZEB1,miR-141,ZEB2,miR-200a,TGF-beta,SNAI1",N,9
1202,"miR-34a,SNAI2,miR-200b,ZEB1,miR-141,ZEB2,miR-200a,TGF-beta,GSC,TWIST1,SNAI1",P,11
1203,"miR-34a,SNAI2,miR-200b,ZEB1,miR-141,ZEB2,miR-200a,TGF-beta,GSC,SNAI1",N,10
1204,"miR-34a,SNAI2,miR-200b,ZEB1,miR-141,ZEB2,miR-200c,TGF-beta,SNAI1",N,9
1205,"miR-34a,SNAI2,miR-200b,ZEB1,miR-141,ZEB2,miR-200c,TGF-beta,GSC,TWIST1,SNAI1",P,11
1206,"miR-34a,SNAI2,miR-200b,ZEB1,miR-141,ZEB2,miR-200c,TGF-beta,GSC,SNAI1",N,10
1207,"miR-34a,SNAI2,miR-101,SNAI1",N,4
1208,"miR-34a,SNAI2,miR-101,SNAI1,ZEB2,miR-200a,TGF-beta,GSC,ZEB1",N,9
1209,"miR-34a,SNAI2,miR-101,SNAI1,ZEB2,miR-200a,TGF-beta,GSC,FOXC2,ZEB1",N,10
1210,"miR-34a,SNAI2,miR-101,SNAI1,ZEB2,miR-200a,TGF-beta,GSC,TWIST1,ZEB1",P,10
1211,"miR-34a,SNAI2,miR-101,SNAI1,ZEB2,miR-200a,TGF-beta,GSC,TWIST1,FOXC2,ZEB1",P,11
1212,"miR-34a,SNAI2,miR-101,SNAI1,ZEB2,miR-200a,ZEB1",N,7
1213,"miR-34a,SNAI2,miR-101,SNAI1,ZEB2,miR-200c,TGF-beta,GSC,ZEB1",N,9
1214,"miR-34a,SNAI2,miR-101,SNAI1,ZEB2,miR-200c,TGF-beta,GSC,FOXC2,ZEB1",N,10
1215,"miR-34a,SNAI2,miR-101,SNAI1,ZEB2,miR-200c,TGF-beta,GSC,TWIST1,ZEB1",P,10
1216,"miR-34a,SNAI2,miR-101,SNAI1,ZEB2,miR-200c,TGF-beta,GSC,TWIST1,FOXC2,ZEB1",P,11
1217,"miR-34a,SNAI2,miR-101,SNAI1,ZEB2,miR-200c,ZEB1",N,7
1218,"miR-34a,SNAI2,miR-101,SNAI1,ZEB2,miR-200b,TGF-beta,GSC,ZEB1",N,9
1219,"miR-34a,SNAI2,miR-101,SNAI1,ZEB2,miR-200b,TGF-beta,GSC,FOXC2,ZEB1",N,10
1220,"miR-34a,SNAI2,miR-101,SNAI1,ZEB2,miR-200b,TGF-beta,GSC,TWIST1,ZEB1",P,10
1221,"miR-34a,SNAI2,miR-101,SNAI1,ZEB2,miR-200b,TGF-beta,GSC,TWIST1,FOXC2,ZEB1",P,11
1222,"miR-34a,SNAI2,miR-101,SNAI1,ZEB2,miR-200b,ZEB1",P,7
1223,"miR-34a,SNAI2,miR-101,SNAI1,ZEB1",N,5
1224,"miR-34a,SNAI2,miR-101,SNAI1,TWIST1,ZEB2,miR-200a,TGF-beta,GSC,ZEB1",P,10
1225,"miR-34a,SNAI2,miR-101,SNAI1,TWIST1,ZEB2,miR-200a,TGF-beta,GSC,FOXC2,ZEB1",P,11
1226,"miR-34a,SNAI2,miR-101,SNAI1,TWIST1,ZEB2,miR-200a,ZEB1",P,8
1227,"miR-34a,SNAI2,miR-101,SNAI1,TWIST1,ZEB2,miR-200c,TGF-beta,GSC,ZEB1",P,10
1228,"miR-34a,SNAI2,miR-101,SNAI1,TWIST1,ZEB2,miR-200c,TGF-beta,GSC,FOXC2,ZEB1",P,11
1229,"miR-34a,SNAI2,miR-101,SNAI1,TWIST1,ZEB2,miR-200c,ZEB1",P,8
1230,"miR-34a,SNAI2,miR-101,SNAI1,TWIST1,ZEB2,miR-200b,TGF-beta,GSC,ZEB1",P,10
1231,"miR-34a,SNAI2,miR-101,SNAI1,TWIST1,ZEB2,miR-200b,TGF-beta,GSC,FOXC2,ZEB1",P,11
1232,"miR-34a,SNAI2,miR-101,SNAI1,TWIST1,ZEB2,miR-200b,ZEB1",N,8
1233,"miR-34a,SNAI2,miR-101,SNAI1,TWIST1,ZEB1",P,6
1234,"miR-34a,SNAI2,miR-101,SNAI1,TWIST1,FOXC2,ZEB1",P,7
1235,"miR-34a,SNAI2,miR-101,SNAI1,FOXC2,ZEB1",N,6
1236,"miR-34a,SNAI2,miR-101,ZEB2,miR-200a,TGF-beta,SNAI1",N,7
1237,"miR-34a,SNAI2,miR-101,ZEB2,miR-200a,TGF-beta,SNAI1,ZEB1",N,8
1238,"miR-34a,SNAI2,miR-101,ZEB2,miR-200a,TGF-beta,SNAI1,TWIST1,ZEB1",P,9
1239,"miR-34a,SNAI2,miR-101,ZEB2,miR-200a,TGF-beta,SNAI1,TWIST1,FOXC2,ZEB1",P,10
1240,"miR-34a,SNAI2,miR-101,ZEB2,miR-200a,TGF-beta,SNAI1,FOXC2,ZEB1",N,9
1241,"miR-34a,SNAI2,miR-101,ZEB2,miR-200a,TGF-beta,GSC,ZEB1",P,8
1242,"miR-34a,SNAI2,miR-101,ZEB2,miR-200a,TGF-beta,GSC,FOXC2,ZEB1",P,9
1243,"miR-34a,SNAI2,miR-101,ZEB2,miR-200a,TGF-beta,GSC,TWIST1,ZEB1",N,9
1244,"miR-34a,SNAI2,miR-101,ZEB2,miR-200a,TGF-beta,GSC,TWIST1,SNAI1",P,9
1245,"miR-34a,SNAI2,miR-101,ZEB2,miR-200a,TGF-beta,GSC,TWIST1,SNAI1,ZEB1",P,10
1246,"miR-34a,SNAI2,miR-101,ZEB2,miR-200a,TGF-beta,GSC,TWIST1,SNAI1,FOXC2,ZEB1",P,11
1247,"miR-34a,SNAI2,miR-101,ZEB2,miR-200a,TGF-beta,GSC,TWIST1,FOXC2,ZEB1",N,10
1248,"miR-34a,SNAI2,miR-101,ZEB2,miR-200a,TGF-beta,GSC,SNAI1",N,8
1249,"miR-34a,SNAI2,miR-101,ZEB2,miR-200a,TGF-beta,GSC,SNAI1,ZEB1",N,9
1250,"miR-34a,SNAI2,miR-101,ZEB2,miR-200a,TGF-beta,GSC,SNAI1,TWIST1,ZEB1",P,10
1251,"miR-34a,SNAI2,miR-101,ZEB2,miR-200a,TGF-beta,GSC,SNAI1,TWIST1,FOXC2,ZEB1",P,11
1252,"miR-34a,SNAI2,miR-101,ZEB2,miR-200a,TGF-beta,GSC,SNAI1,FOXC2,ZEB1",N,10
1253,"miR-34a,SNAI2,miR-101,ZEB2,miR-200a,ZEB1",P,6
1254,"miR-34a,SNAI2,miR-101,ZEB2,miR-200a,ZEB1,miR-200c,TGF-beta,SNAI1",P,9
1255,"miR-34a,SNAI2,miR-101,ZEB2,miR-200a,ZEB1,miR-200c,TGF-beta,GSC,TWIST1,SNAI1",N,11
1256,"miR-34a,SNAI2,miR-101,ZEB2,miR-200a,ZEB1,miR-200c,TGF-beta,GSC,SNAI1",P,10
1257,"miR-34a,SNAI2,miR-101,ZEB2,miR-200a,ZEB1,miR-200b,TGF-beta,SNAI1",N,9
1258,"miR-34a,SNAI2,miR-101,ZEB2,miR-200a,ZEB1,miR-200b,TGF-beta,GSC,TWIST1,SNAI1",P,11
1259,"miR-34a,SNAI2,miR-101,ZEB2,miR-200a,ZEB1,miR-200b,TGF-beta,GSC,SNAI1",N,10
1260,"miR-34a,SNAI2,miR-101,ZEB2,miR-200a,ZEB1,miR-141,TGF-beta,SNAI1",P,9
1261,"miR-34a,SNAI2,miR-101,ZEB2,miR-200a,ZEB1,miR-141,TGF-beta,GSC,TWIST1,SNAI1",N,11
1262,"miR-34a,SNAI2,miR-101,ZEB2,miR-200a,ZEB1,miR-141,TGF-beta,GSC,SNAI1",P,10
1263,"miR-34a,SNAI2,miR-101,ZEB2,miR-200c,TGF-beta,SNAI1",N,7
1264,"miR-34a,SNAI2,miR-101,ZEB2,miR-200c,TGF-beta,SNAI1,ZEB1",N,8
1265,"miR-34a,SNAI2,miR-101,ZEB2,miR-200c,TGF-beta,SNAI1,TWIST1,ZEB1",P,9
1266,"miR-34a,SNAI2,miR-101,ZEB2,miR-200c,TGF-beta,SNAI1,TWIST1,FOXC2,ZEB1",P,10
1267,"miR-34a,SNAI2,miR-101,ZEB2,miR-200c,TGF-beta,SNAI1,FOXC2,ZEB1",N,9
1268,"miR-34a,SNAI2,miR-101,ZEB2,miR-200c,TGF-beta,GSC,ZEB1",P,8
1269,"miR-34a,SNAI2,miR-101,ZEB2,miR-200c,TGF-beta,GSC,FOXC2,ZEB1",P,9
1270,"miR-34a,SNAI2,miR-101,ZEB2,miR-200c,TGF-beta,GSC,TWIST1,ZEB1",N,9
1271,"miR-34a,SNAI2,miR-101,ZEB2,miR-200c,TGF-beta,GSC,TWIST1,SNAI1",P,9
1272,"miR-34a,SNAI2,miR-101,ZEB2,miR-200c,TGF-beta,GSC,TWIST1,SNAI1,ZEB1",P,10
1273,"miR-34a,SNAI2,miR-101,ZEB2,miR-200c,TGF-beta,GSC,TWIST1,SNAI1,FOXC2,ZEB1",P,11
1274,"miR-34a,SNAI2,miR-101,ZEB2,miR-200c,TGF-beta,GSC,TWIST1,FOXC2,ZEB1",N,10
1275,"miR-34a,SNAI2,miR-101,ZEB2,miR-200c,TGF-beta,GSC,SNAI1",N,8
1276,"miR-34a,SNAI2,miR-101,ZEB2,miR-200c,TGF-beta,GSC,SNAI1,ZEB1",N,9
1277,"miR-34a,SNAI2,miR-101,ZEB2,miR-200c,TGF-beta,GSC,SNAI1,TWIST1,ZEB1",P,10
1278,"miR-34a,SNAI2,miR-101,ZEB2,miR-200c,TGF-beta,GSC,SNAI1,TWIST1,FOXC2,ZEB1",P,11
1279,"miR-34a,SNAI2,miR-101,ZEB2,miR-200c,TGF-beta,GSC,SNAI1,FOXC2,ZEB1",N,10
1280,"miR-34a,SNAI2,miR-101,ZEB2,miR-200c,ZEB1",P,6
1281,"miR-34a,SNAI2,miR-101,ZEB2,miR-200c,ZEB1,miR-200a,TGF-beta,SNAI1",P,9
1282,"miR-34a,SNAI2,miR-101,ZEB2,miR-200c,ZEB1,miR-200a,TGF-beta,GSC,TWIST1,SNAI1",N,11
1283,"miR-34a,SNAI2,miR-101,ZEB2,miR-200c,ZEB1,miR-200a,TGF-beta,GSC,SNAI1",P,10
1284,"miR-34a,SNAI2,miR-101,ZEB2,miR-200c,ZEB1,miR-200b,TGF-beta,SNAI1",N,9
1285,"miR-34a,SNAI2,miR-101,ZEB2,miR-200c,ZEB1,miR-200b,TGF-beta,GSC,TWIST1,SNAI1",P,11
1286,"miR-34a,SNAI2,miR-101,ZEB2,miR-200c,ZEB1,miR-200b,TGF-beta,GSC,SNAI1",N,10
1287,"miR-34a,SNAI2,miR-101,ZEB2,miR-200c,ZEB1,miR-141,TGF-beta,SNAI1",P,9
1288,"miR-34a,SNAI2,miR-101,ZEB2,miR-200c,ZEB1,miR-141,TGF-beta,GSC,TWIST1,SNAI1",N,11
1289,"miR-34a,SNAI2,miR-101,ZEB2,miR-200c,ZEB1,miR-141,TGF-beta,GSC,SNAI1",P,10
1290,"miR-34a,SNAI2,miR-101,ZEB2,miR-200b,TGF-beta,SNAI1",N,7
1291,"miR-34a,SNAI2,miR-101,ZEB2,miR-200b,TGF-beta,SNAI1,ZEB1",N,8
1292,"miR-34a,SNAI2,miR-101,ZEB2,miR-200b,TGF-beta,SNAI1,TWIST1,ZEB1",P,9
1293,"miR-34a,SNAI2,miR-101,ZEB2,miR-200b,TGF-beta,SNAI1,TWIST1,FOXC2,ZEB1",P,10
1294,"miR-34a,SNAI2,miR-101,ZEB2,miR-200b,TGF-beta,SNAI1,FOXC2,ZEB1",N,9
1295,"miR-34a,SNAI2,miR-101,ZEB2,miR-200b,TGF-beta,GSC,ZEB1",P,8
1296,"miR-34a,SNAI2,miR-101,ZEB2,miR-200b,TGF-beta,GSC,FOXC2,ZEB1",P,9
1297,"miR-34a,SNAI2,miR-101,ZEB2,miR-200b,TGF-beta,GSC,TWIST1,ZEB1",N,9
1298,"miR-34a,SNAI2,miR-101,ZEB2,miR-200b,TGF-beta,GSC,TWIST1,SNAI1",P,9
1299,"miR-34a,SNAI2,miR-101,ZEB2,miR-200b,TGF-beta,GSC,TWIST1,SNAI1,ZEB1",P,10
1300,"miR-34a,SNAI2,miR-101,ZEB2,miR-200b,TGF-beta,GSC,TWIST1,SNAI1,FOXC2,ZEB1",P,11
1301,"miR-34a,SNAI2,miR-101,ZEB2,miR-200b,TGF-beta,GSC,TWIST1,FOXC2,ZEB1",N,10
1302,"miR-34a,SNAI2,miR-101,ZEB2,miR-200b,TGF-beta,GSC,SNAI1",N,8
1303,"miR-34a,SNAI2,miR-101,ZEB2,miR-200b,TGF-beta,GSC,SNAI1,ZEB1",N,9
1304,"miR-34a,SNAI2,miR-101,ZEB2,miR-200b,TGF-beta,GSC,SNAI1,TWIST1,ZEB1",P,10
1305,"miR-34a,SNAI2,miR-101,ZEB2,miR-200b,TGF-beta,GSC,SNAI1,TWIST1,FOXC2,ZEB1",P,11
1306,"miR-34a,SNAI2,miR-101,ZEB2,miR-200b,TGF-beta,GSC,SNAI1,FOXC2,ZEB1",N,10
1307,"miR-34a,SNAI2,miR-101,ZEB2,miR-200b,ZEB1",N,6
1308,"miR-34a,SNAI2,miR-101,ZEB2,miR-200b,ZEB1,miR-200a,TGF-beta,SNAI1",N,9
1309,"miR-34a,SNAI2,miR-101,ZEB2,miR-200b,ZEB1,miR-200a,TGF-beta,GSC,TWIST1,SNAI1",P,11
1310,"miR-34a,SNAI2,miR-101,ZEB2,miR-200b,ZEB1,miR-200a,TGF-beta,GSC,SNAI1",N,10
1311,"miR-34a,SNAI2,miR-101,ZEB2,miR-200b,ZEB1,miR-200c,TGF-beta,SNAI1",N,9
1312,"miR-34a,SNAI2,miR-101,ZEB2,miR-200b,ZEB1,miR-200c,TGF-beta,GSC,TWIST1,SNAI1",P,11
1313,"miR-34a,SNAI2,miR-101,ZEB2,miR-200b,ZEB1,miR-200c,TGF-beta,GSC,SNAI1",N,10
1314,"miR-34a,SNAI2,miR-101,ZEB2,miR-200b,ZEB1,miR-141,TGF-beta,SNAI1",N,9
1315,"miR-34a,SNAI2,miR-101,ZEB2,miR-200b,ZEB1,miR-141,TGF-beta,GSC,TWIST1,SNAI1",P,11
1316,"miR-34a,SNAI2,miR-101,ZEB2,miR-200b,ZEB1,miR-141,TGF-beta,GSC,SNAI1",N,10
1317,"miR-34a,SNAI2,miR-101,ZEB1",N,4
1318,"miR-34a,SNAI2,miR-101,ZEB1,miR-200a,TGF-beta,SNAI1",N,7
1319,"miR-34a,SNAI2,miR-101,ZEB1,miR-200a,TGF-beta,GSC,TWIST1,SNAI1",P,9
1320,"miR-34a,SNAI2,miR-101,ZEB1,miR-200a,TGF-beta,GSC,SNAI1",N,8
1321,"miR-34a,SNAI2,miR-101,ZEB1,miR-200a,ZEB2,miR-200c,TGF-beta,SNAI1",P,9
1322,"miR-34a,SNAI2,miR-101,ZEB1,miR-200a,ZEB2,miR-200c,TGF-beta,GSC,TWIST1,SNAI1",N,11
1323,"miR-34a,SNAI2,miR-101,ZEB1,miR-200a,ZEB2,miR-200c,TGF-beta,GSC,SNAI1",P,10
1324,"miR-34a,SNAI2,miR-101,ZEB1,miR-200a,ZEB2,miR-200b,TGF-beta,SNAI1",P,9
1325,"miR-34a,SNAI2,miR-101,ZEB1,miR-200a,ZEB2,miR-200b,TGF-beta,GSC,TWIST1,SNAI1",N,11
1326,"miR-34a,SNAI2,miR-101,ZEB1,miR-200a,ZEB2,miR-200b,TGF-beta,GSC,SNAI1",P,10
1327,"miR-34a,SNAI2,miR-101,ZEB1,miR-200c,TGF-beta,SNAI1",N,7
1328,"miR-34a,SNAI2,miR-101,ZEB1,miR-200c,TGF-beta,GSC,TWIST1,SNAI1",P,9
1329,"miR-34a,SNAI2,miR-101,ZEB1,miR-200c,TGF-beta,GSC,SNAI1",N,8
1330,"miR-34a,SNAI2,miR-101,ZEB1,miR-200c,ZEB2,miR-200a,TGF-beta,SNAI1",P,9
1331,"miR-34a,SNAI2,miR-101,ZEB1,miR-200c,ZEB2,miR-200a,TGF-beta,GSC,TWIST1,SNAI1",N,11
1332,"miR-34a,SNAI2,miR-101,ZEB1,miR-200c,ZEB2,miR-200a,TGF-beta,GSC,SNAI1",P,10
1333,"miR-34a,SNAI2,miR-101,ZEB1,miR-200c,ZEB2,miR-200b,TGF-beta,SNAI1",P,9
1334,"miR-34a,SNAI2,miR-101,ZEB1,miR-200c,ZEB2,miR-200b,TGF-beta,GSC,TWIST1,SNAI1",N,11
1335,"miR-34a,SNAI2,miR-101,ZEB1,miR-200c,ZEB2,miR-200b,TGF-beta,GSC,SNAI1",P,10
1336,"miR-34a,SNAI2,miR-101,ZEB1,miR-200b,TGF-beta,SNAI1",P,7
1337,"miR-34a,SNAI2,miR-101,ZEB1,miR-200b,TGF-beta,GSC,TWIST1,SNAI1",N,9
1338,"miR-34a,SNAI2,miR-101,ZEB1,miR-200b,TGF-beta,GSC,SNAI1",P,8
1339,"miR-34a,SNAI2,miR-101,ZEB1,miR-200b,ZEB2,miR-200a,TGF-beta,SNAI1",N,9
1340,"miR-34a,SNAI2,miR-101,ZEB1,miR-200b,ZEB2,miR-200a,TGF-beta,GSC,TWIST1,SNAI1",P,11
1341,"miR-34a,SNAI2,miR-101,ZEB1,miR-200b,ZEB2,miR-200a,TGF-beta,GSC,SNAI1",N,10
1342,"miR-34a,SNAI2,miR-101,ZEB1,miR-200b,ZEB2,miR-200c,TGF-beta,SNAI1",N,9
1343,"miR-34a,SNAI2,miR-101,ZEB1,miR-200b,ZEB2,miR-200c,TGF-beta,GSC,TWIST1,SNAI1",P,11
1344,"miR-34a,SNAI2,miR-101,ZEB1,miR-200b,ZEB2,miR-200c,TGF-beta,GSC,SNAI1",N,10
1345,"miR-34a,SNAI2,miR-101,ZEB1,miR-141,TGF-beta,SNAI1",N,7
1346,"miR-34a,SNAI2,miR-101,ZEB1,miR-141,TGF-beta,GSC,TWIST1,SNAI1",P,9
1347,"miR-34a,SNAI2,miR-101,ZEB1,miR-141,TGF-beta,GSC,SNAI1",N,8
1348,"miR-34a,SNAI2,miR-101,ZEB1,miR-141,ZEB2,miR-200a,TGF-beta,SNAI1",N,9
1349,"miR-34a,SNAI2,miR-101,ZEB1,miR-141,ZEB2,miR-200a,TGF-beta,GSC,TWIST1,SNAI1",P,11
1350,"miR-34a,SNAI2,miR-101,ZEB1,miR-141,ZEB2,miR-200a,TGF-beta,GSC,SNAI1",N,10
1351,"miR-34a,SNAI2,miR-101,ZEB1,miR-141,ZEB2,miR-200c,TGF-beta,SNAI1",N,9
1352,"miR-34a,SNAI2,miR-101,ZEB1,miR-141,ZEB2,miR-200c,TGF-beta,GSC,TWIST1,SNAI1",P,11
1353,"miR-34a,SNAI2,miR-101,ZEB1,miR-141,ZEB2,miR-200c,TGF-beta,GSC,SNAI1",N,10
1354,"miR-34a,SNAI2,miR-101,ZEB1,miR-141,ZEB2,miR-200b,TGF-beta,SNAI1",N,9
1355,"miR-34a,SNAI2,miR-101,ZEB1,miR-141,ZEB2,miR-200b,TGF-beta,GSC,TWIST1,SNAI1",P,11
1356,"miR-34a,SNAI2,miR-101,ZEB1,miR-141,ZEB2,miR-200b,TGF-beta,GSC,SNAI1",N,10
1357,"miR-34a,SNAI2,TWIST2,ZEB2,miR-200a,TGF-beta,SNAI1,miR-101,ZEB1",N,9
1358,"miR-34a,SNAI2,TWIST2,ZEB2,miR-200a,TGF-beta,SNAI1",N,7
1359,"miR-34a,SNAI2,TWIST2,ZEB2,miR-200a,TGF-beta,SNAI1,ZEB1",N,8
1360,"miR-34a,SNAI2,TWIST2,ZEB2,miR-200a,TGF-beta,SNAI1,TWIST1,ZEB1",P,9
1361,"miR-34a,SNAI2,TWIST2,ZEB2,miR-200a,TGF-beta,SNAI1,TWIST1,FOXC2,ZEB1",P,10
1362,"miR-34a,SNAI2,TWIST2,ZEB2,miR-200a,TGF-beta,SNAI1,FOXC2,ZEB1",N,9
1363,"miR-34a,SNAI2,TWIST2,ZEB2,miR-200a,TGF-beta,GSC,ZEB1",P,8
1364,"miR-34a,SNAI2,TWIST2,ZEB2,miR-200a,TGF-beta,GSC,FOXC2,ZEB1",P,9
1365,"miR-34a,SNAI2,TWIST2,ZEB2,miR-200a,TGF-beta,GSC,TWIST1,ZEB1",N,9
1366,"miR-34a,SNAI2,TWIST2,ZEB2,miR-200a,TGF-beta,GSC,TWIST1,SNAI1,miR-101,ZEB1",P,11
1367,"miR-34a,SNAI2,TWIST2,ZEB2,miR-200a,TGF-beta,GSC,TWIST1,SNAI1",P,9
1368,"miR-34a,SNAI2,TWIST2,ZEB2,miR-200a,TGF-beta,GSC,TWIST1,SNAI1,ZEB1",P,10
1369,"miR-34a,SNAI2,TWIST2,ZEB2,miR-200a,TGF-beta,GSC,TWIST1,SNAI1,FOXC2,ZEB1",P,11
1370,"miR-34a,SNAI2,TWIST2,ZEB2,miR-200a,TGF-beta,GSC,TWIST1,FOXC2,ZEB1",N,10
1371,"miR-34a,SNAI2,TWIST2,ZEB2,miR-200a,TGF-beta,GSC,SNAI1,miR-101,ZEB1",N,10
1372,"miR-34a,SNAI2,TWIST2,ZEB2,miR-200a,TGF-beta,GSC,SNAI1",N,8
1373,"miR-34a,SNAI2,TWIST2,ZEB2,miR-200a,TGF-beta,GSC,SNAI1,ZEB1",N,9
1374,"miR-34a,SNAI2,TWIST2,ZEB2,miR-200a,TGF-beta,GSC,SNAI1,TWIST1,ZEB1",P,10
1375,"miR-34a,SNAI2,TWIST2,ZEB2,miR-200a,TGF-beta,GSC,SNAI1,TWIST1,FOXC2,ZEB1",P,11
1376,"miR-34a,SNAI2,TWIST2,ZEB2,miR-200a,TGF-beta,GSC,SNAI1,FOXC2,ZEB1",N,10
1377,"miR-34a,SNAI2,TWIST2,ZEB2,miR-200a,ZEB1",P,6
1378,"miR-34a,SNAI2,TWIST2,ZEB2,miR-200a,ZEB1,miR-200c,TGF-beta,SNAI1",P,9
1379,"miR-34a,SNAI2,TWIST2,ZEB2,miR-200a,ZEB1,miR-200c,TGF-beta,GSC,TWIST1,SNAI1",N,11
1380,"miR-34a,SNAI2,TWIST2,ZEB2,miR-200a,ZEB1,miR-200c,TGF-beta,GSC,SNAI1",P,10
1381,"miR-34a,SNAI2,TWIST2,ZEB2,miR-200a,ZEB1,miR-200b,TGF-beta,SNAI1",N,9
1382,"miR-34a,SNAI2,TWIST2,ZEB2,miR-200a,ZEB1,miR-200b,TGF-beta,GSC,TWIST1,SNAI1",P,11
1383,"miR-34a,SNAI2,TWIST2,ZEB2,miR-200a,ZEB1,miR-200b,TGF-beta,GSC,SNAI1",N,10
1384,"miR-34a,SNAI2,TWIST2,ZEB2,miR-200a,ZEB1,miR-141,TGF-beta,SNAI1",P,9
1385,"miR-34a,SNAI2,TWIST2,ZEB2,miR-200a,ZEB1,miR-141,TGF-beta,GSC,TWIST1,SNAI1",N,11
1386,"miR-34a,SNAI2,TWIST2,ZEB2,miR-200a,ZEB1,miR-141,TGF-beta,GSC,SNAI1",P,10
1387,"miR-34a,SNAI2,TWIST2,ZEB2,miR-200c,TGF-beta,SNAI1,miR-101,ZEB1",N,9
1388,"miR-34a,SNAI2,TWIST2,ZEB2,miR-200c,TGF-beta,SNAI1",N,7
1389,"miR-34a,SNAI2,TWIST2,ZEB2,miR-200c,TGF-beta,SNAI1,ZEB1",N,8
1390,"miR-34a,SNAI2,TWIST2,ZEB2,miR-200c,TGF-beta,SNAI1,TWIST1,ZEB1",P,9
1391,"miR-34a,SNAI2,TWIST2,ZEB2,miR-200c,TGF-beta,SNAI1,TWIST1,FOXC2,ZEB1",P,10
1392,"miR-34a,SNAI2,TWIST2,ZEB2,miR-200c,TGF-beta,SNAI1,FOXC2,ZEB1",N,9
1393,"miR-34a,SNAI2,TWIST2,ZEB2,miR-200c,TGF-beta,GSC,ZEB1",P,8
1394,"miR-34a,SNAI2,TWIST2,ZEB2,miR-200c,TGF-beta,GSC,FOXC2,ZEB1",P,9
1395,"miR-34a,SNAI2,TWIST2,ZEB2,miR-200c,TGF-beta,GSC,TWIST1,ZEB1",N,9
1396,"miR-34a,SNAI2,TWIST2,ZEB2,miR-200c,TGF-beta,GSC,TWIST1,SNAI1,miR-101,ZEB1",P,11
1397,"miR-34a,SNAI2,TWIST2,ZEB2,miR-200c,TGF-beta,GSC,TWIST1,SNAI1",P,9
1398,"miR-34a,SNAI2,TWIST2,ZEB2,miR-200c,TGF-beta,GSC,TWIST1,SNAI1,ZEB1",P,10
1399,"miR-34a,SNAI2,TWIST2,ZEB2,miR-200c,TGF-beta,GSC,TWIST1,SNAI1,FOXC2,ZEB1",P,11
1400,"miR-34a,SNAI2,TWIST2,ZEB2,miR-200c,TGF-beta,GSC,TWIST1,FOXC2,ZEB1",N,10
1401,"miR-34a,SNAI2,TWIST2,ZEB2,miR-200c,TGF-beta,GSC,SNAI1,miR-101,ZEB1",N,10
1402,"miR-34a,SNAI2,TWIST2,ZEB2,miR-200c,TGF-beta,GSC,SNAI1",N,8
1403,"miR-34a,SNAI2,TWIST2,ZEB2,miR-200c,TGF-beta,GSC,SNAI1,ZEB1",N,9
1404,"miR-34a,SNAI2,TWIST2,ZEB2,miR-200c,TGF-beta,GSC,SNAI1,TWIST1,ZEB1",P,10
1405,"miR-34a,SNAI2,TWIST2,ZEB2,miR-200c,TGF-beta,GSC,SNAI1,TWIST1,FOXC2,ZEB1",P,11
1406,"miR-34a,SNAI2,TWIST2,ZEB2,miR-200c,TGF-beta,GSC,SNAI1,FOXC2,ZEB1",N,10
1407,"miR-34a,SNAI2,TWIST2,ZEB2,miR-200c,ZEB1",P,6
1408,"miR-34a,SNAI2,TWIST2,ZEB2,miR-200c,ZEB1,miR-200a,TGF-beta,SNAI1",P,9
1409,"miR-34a,SNAI2,TWIST2,ZEB2,miR-200c,ZEB1,miR-200a,TGF-beta,GSC,TWIST1,SNAI1",N,11
1410,"miR-34a,SNAI2,TWIST2,ZEB2,miR-200c,ZEB1,miR-200a,TGF-beta,GSC,SNAI1",P,10
1411,"miR-34a,SNAI2,TWIST2,ZEB2,miR-200c,ZEB1,miR-200b,TGF-beta,SNAI1",N,9
1412,"miR-34a,SNAI2,TWIST2,ZEB2,miR-200c,ZEB1,miR-200b,TGF-beta,GSC,TWIST1,SNAI1",P,11
1413,"miR-34a,SNAI2,TWIST2,ZEB2,miR-200c,ZEB1,miR-200b,TGF-beta,GSC,SNAI1",N,10
1414,"miR-34a,SNAI2,TWIST2,ZEB2,miR-200c,ZEB1,miR-141,TGF-beta,SNAI1",P,9
1415,"miR-34a,SNAI2,TWIST2,ZEB2,miR-200c,ZEB1,miR-141,TGF-beta,GSC,TWIST1,SNAI1",N,11
1416,"miR-34a,SNAI2,TWIST2,ZEB2,miR-200c,ZEB1,miR-141,TGF-beta,GSC,SNAI1",P,10
1417,"miR-34a,SNAI2,TWIST2,ZEB2,miR-200b,TGF-beta,SNAI1,miR-101,ZEB1",N,9
1418,"miR-34a,SNAI2,TWIST2,ZEB2,miR-200b,TGF-beta,SNAI1",N,7
1419,"miR-34a,SNAI2,TWIST2,ZEB2,miR-200b,TGF-beta,SNAI1,ZEB1",N,8
1420,"miR-34a,SNAI2,TWIST2,ZEB2,miR-200b,TGF-beta,SNAI1,TWIST1,ZEB1",P,9
1421,"miR-34a,SNAI2,TWIST2,ZEB2,miR-200b,TGF-beta,SNAI1,TWIST1,FOXC2,ZEB1",P,10
1422,"miR-34a,SNAI2,TWIST2,ZEB2,miR-200b,TGF-beta,SNAI1,FOXC2,ZEB1",N,9
1423,"miR-34a,SNAI2,TWIST2,ZEB2,miR-200b,TGF-beta,GSC,ZEB1",P,8
1424,"miR-34a,SNAI2,TWIST2,ZEB2,miR-200b,TGF-beta,GSC,FOXC2,ZEB1",P,9
1425,"miR-34a,SNAI2,TWIST2,ZEB2,miR-200b,TGF-beta,GSC,TWIST1,ZEB1",N,9
1426,"miR-34a,SNAI2,TWIST2,ZEB2,miR-200b,TGF-beta,GSC,TWIST1,SNAI1,miR-101,ZEB1",P,11
1427,"miR-34a,SNAI2,TWIST2,ZEB2,miR-200b,TGF-beta,GSC,TWIST1,SNAI1",P,9
1428,"miR-34a,SNAI2,TWIST2,ZEB2,miR-200b,TGF-beta,GSC,TWIST1,SNAI1,ZEB1",P,10
1429,"miR-34a,SNAI2,TWIST2,ZEB2,miR-200b,TGF-beta,GSC,TWIST1,SNAI1,FOXC2,ZEB1",P,11
1430,"miR-34a,SNAI2,TWIST2,ZEB2,miR-200b,TGF-beta,GSC,TWIST1,FOXC2,ZEB1",N,10
1431,"miR-34a,SNAI2,TWIST2,ZEB2,miR-200b,TGF-beta,GSC,SNAI1,miR-101,ZEB1",N,10
1432,"miR-34a,SNAI2,TWIST2,ZEB2,miR-200b,TGF-beta,GSC,SNAI1",N,8
1433,"miR-34a,SNAI2,TWIST2,ZEB2,miR-200b,TGF-beta,GSC,SNAI1,ZEB1",N,9
1434,"miR-34a,SNAI2,TWIST2,ZEB2,miR-200b,TGF-beta,GSC,SNAI1,TWIST1,ZEB1",P,10
1435,"miR-34a,SNAI2,TWIST2,ZEB2,miR-200b,TGF-beta,GSC,SNAI1,TWIST1,FOXC2,ZEB1",P,11
1436,"miR-34a,SNAI2,TWIST2,ZEB2,miR-200b,TGF-beta,GSC,SNAI1,FOXC2,ZEB1",N,10
1437,"miR-34a,SNAI2,TWIST2,ZEB2,miR-200b,ZEB1",N,6
1438,"miR-34a,SNAI2,TWIST2,ZEB2,miR-200b,ZEB1,miR-200a,TGF-beta,SNAI1",N,9
1439,"miR-34a,SNAI2,TWIST2,ZEB2,miR-200b,ZEB1,miR-200a,TGF-beta,GSC,TWIST1,SNAI1",P,11
1440,"miR-34a,SNAI2,TWIST2,ZEB2,miR-200b,ZEB1,miR-200a,TGF-beta,GSC,SNAI1",N,10
1441,"miR-34a,SNAI2,TWIST2,ZEB2,miR-200b,ZEB1,miR-200c,TGF-beta,SNAI1",N,9
1442,"miR-34a,SNAI2,TWIST2,ZEB2,miR-200b,ZEB1,miR-200c,TGF-beta,GSC,TWIST1,SNAI1",P,11
1443,"miR-34a,SNAI2,TWIST2,ZEB2,miR-200b,ZEB1,miR-200c,TGF-beta,GSC,SNAI1",N,10
1444,"miR-34a,SNAI2,TWIST2,ZEB2,miR-200b,ZEB1,miR-141,TGF-beta,SNAI1",N,9
1445,"miR-34a,SNAI2,TWIST2,ZEB2,miR-200b,ZEB1,miR-141,TGF-beta,GSC,TWIST1,SNAI1",P,11
1446,"miR-34a,SNAI2,TWIST2,ZEB2,miR-200b,ZEB1,miR-141,TGF-beta,GSC,SNAI1",N,10
1447,"miR-34a,SNAI2,TWIST2,ZEB1",N,4
1448,"miR-34a,SNAI2,TWIST2,ZEB1,miR-200a,TGF-beta,SNAI1",N,7
1449,"miR-34a,SNAI2,TWIST2,ZEB1,miR-200a,TGF-beta,GSC,TWIST1,SNAI1",P,9
1450,"miR-34a,SNAI2,TWIST2,ZEB1,miR-200a,TGF-beta,GSC,SNAI1",N,8
1451,"miR-34a,SNAI2,TWIST2,ZEB1,miR-200a,ZEB2,miR-200c,TGF-beta,SNAI1",P,9
1452,"miR-34a,SNAI2,TWIST2,ZEB1,miR-200a,ZEB2,miR-200c,TGF-beta,GSC,TWIST1,SNAI1",N,11
1453,"miR-34a,SNAI2,TWIST2,ZEB1,miR-200a,ZEB2,miR-200c,TGF-beta,GSC,SNAI1",P,10
1454,"miR-34a,SNAI2,TWIST2,ZEB1,miR-200a,ZEB2,miR-200b,TGF-beta,SNAI1",P,9
1455,"miR-34a,SNAI2,TWIST2,ZEB1,miR-200a,ZEB2,miR-200b,TGF-beta,GSC,TWIST1,SNAI1",N,11
1456,"miR-34a,SNAI2,TWIST2,ZEB1,miR-200a,ZEB2,miR-200b,TGF-beta,GSC,SNAI1",P,10
1457,"miR-34a,SNAI2,TWIST2,ZEB1,miR-200c,TGF-beta,SNAI1",N,7
1458,"miR-34a,SNAI2,TWIST2,ZEB1,miR-200c,TGF-beta,GSC,TWIST1,SNAI1",P,9
1459,"miR-34a,SNAI2,TWIST2,ZEB1,miR-200c,TGF-beta,GSC,SNAI1",N,8
1460,"miR-34a,SNAI2,TWIST2,ZEB1,miR-200c,ZEB2,miR-200a,TGF-beta,SNAI1",P,9
1461,"miR-34a,SNAI2,TWIST2,ZEB1,miR-200c,ZEB2,miR-200a,TGF-beta,GSC,TWIST1,SNAI1",N,11
1462,"miR-34a,SNAI2,TWIST2,ZEB1,miR-200c,ZEB2,miR-200a,TGF-beta,GSC,SNAI1",P,10
1463,"miR-34a,SNAI2,TWIST2,ZEB1,miR-200c,ZEB2,miR-200b,TGF-beta,SNAI1",P,9
1464,"miR-34a,SNAI2,TWIST2,ZEB1,miR-200c,ZEB2,miR-200b,TGF-beta,GSC,TWIST1,SNAI1",N,11
1465,"miR-34a,SNAI2,TWIST2,ZEB1,miR-200c,ZEB2,miR-200b,TGF-beta,GSC,SNAI1",P,10
1466,"miR-34a,SNAI2,TWIST2,ZEB1,miR-200b,TGF-beta,SNAI1",P,7
1467,"miR-34a,SNAI2,TWIST2,ZEB1,miR-200b,TGF-beta,GSC,TWIST1,SNAI1",N,9
1468,"miR-34a,SNAI2,TWIST2,ZEB1,miR-200b,TGF-beta,GSC,SNAI1",P,8
1469,"miR-34a,SNAI2,TWIST2,ZEB1,miR-200b,ZEB2,miR-200a,TGF-beta,SNAI1",N,9
1470,"miR-34a,SNAI2,TWIST2,ZEB1,miR-200b,ZEB2,miR-200a,TGF-beta,GSC,TWIST1,SNAI1",P,11
1471,"miR-34a,SNAI2,TWIST2,ZEB1,miR-200b,ZEB2,miR-200a,TGF-beta,GSC,SNAI1",N,10
1472,"miR-34a,SNAI2,TWIST2,ZEB1,miR-200b,ZEB2,miR-200c,TGF-beta,SNAI1",N,9
1473,"miR-34a,SNAI2,TWIST2,ZEB1,miR-200b,ZEB2,miR-200c,TGF-beta,GSC,TWIST1,SNAI1",P,11
1474,"miR-34a,SNAI2,TWIST2,ZEB1,miR-200b,ZEB2,miR-200c,TGF-beta,GSC,SNAI1",N,10
1475,"miR-34a,SNAI2,TWIST2,ZEB1,miR-141,TGF-beta,SNAI1",N,7
1476,"miR-34a,SNAI2,TWIST2,ZEB1,miR-141,TGF-beta,GSC,TWIST1,SNAI1",P,9
1477,"miR-34a,SNAI2,TWIST2,ZEB1,miR-141,TGF-beta,GSC,SNAI1",N,8
1478,"miR-34a,SNAI2,TWIST2,ZEB1,miR-141,ZEB2,miR-200a,TGF-beta,SNAI1",N,9
1479,"miR-34a,SNAI2,TWIST2,ZEB1,miR-141,ZEB2,miR-200a,TGF-beta,GSC,TWIST1,SNAI1",P,11
1480,"miR-34a,SNAI2,TWIST2,ZEB1,miR-141,ZEB2,miR-200a,TGF-beta,GSC,SNAI1",N,10
1481,"miR-34a,SNAI2,TWIST2,ZEB1,miR-141,ZEB2,miR-200c,TGF-beta,SNAI1",N,9
1482,"miR-34a,SNAI2,TWIST2,ZEB1,miR-141,ZEB2,miR-200c,TGF-beta,GSC,TWIST1,SNAI1",P,11
1483,"miR-34a,SNAI2,TWIST2,ZEB1,miR-141,ZEB2,miR-200c,TGF-beta,GSC,SNAI1",N,10
1484,"miR-34a,SNAI2,TWIST2,ZEB1,miR-141,ZEB2,miR-200b,TGF-beta,SNAI1",N,9
1485,"miR-34a,SNAI2,TWIST2,ZEB1,miR-141,ZEB2,miR-200b,TGF-beta,GSC,TWIST1,SNAI1",P,11
1486,"miR-34a,SNAI2,TWIST2,ZEB1,miR-141,ZEB2,miR-200b,TGF-beta,GSC,SNAI1",N,10
1487,"miR-34a,SNAI2,TWIST2,TWIST1,ZEB2,miR-200a,TGF-beta,SNAI1,miR-101,ZEB1",N,10
1488,"miR-34a,SNAI2,TWIST2,TWIST1,ZEB2,miR-200a,TGF-beta,SNAI1",N,8
1489,"miR-34a,SNAI2,TWIST2,TWIST1,ZEB2,miR-200a,TGF-beta,SNAI1,ZEB1",N,9
1490,"miR-34a,SNAI2,TWIST2,TWIST1,ZEB2,miR-200a,TGF-beta,SNAI1,FOXC2,ZEB1",N,10
1491,"miR-34a,SNAI2,TWIST2,TWIST1,ZEB2,miR-200a,TGF-beta,GSC,ZEB1",P,9
1492,"miR-34a,SNAI2,TWIST2,TWIST1,ZEB2,miR-200a,TGF-beta,GSC,FOXC2,ZEB1",P,10
1493,"miR-34a,SNAI2,TWIST2,TWIST1,ZEB2,miR-200a,TGF-beta,GSC,SNAI1,miR-101,ZEB1",N,11
1494,"miR-34a,SNAI2,TWIST2,TWIST1,ZEB2,miR-200a,TGF-beta,GSC,SNAI1",N,9
1495,"miR-34a,SNAI2,TWIST2,TWIST1,ZEB2,miR-200a,TGF-beta,GSC,SNAI1,ZEB1",N,10
1496,"miR-34a,SNAI2,TWIST2,TWIST1,ZEB2,miR-200a,TGF-beta,GSC,SNAI1,FOXC2,ZEB1",N,11
1497,"miR-34a,SNAI2,TWIST2,TWIST1,ZEB2,miR-200a,ZEB1",P,7
1498,"miR-34a,SNAI2,TWIST2,TWIST1,ZEB2,miR-200a,ZEB1,miR-200c,TGF-beta,SNAI1",P,10
1499,"miR-34a,SNAI2,TWIST2,TWIST1,ZEB2,miR-200a,ZEB1,miR-200c,TGF-beta,GSC,SNAI1",P,11
1500,"miR-34a,SNAI2,TWIST2,TWIST1,ZEB2,miR-200a,ZEB1,miR-200b,TGF-beta,SNAI1",N,10
1501,"miR-34a,SNAI2,TWIST2,TWIST1,ZEB2,miR-200a,ZEB1,miR-200b,TGF-beta,GSC,SNAI1",N,11
1502,"miR-34a,SNAI2,TWIST2,TWIST1,ZEB2,miR-200a,ZEB1,miR-141,TGF-beta,SNAI1",P,10
1503,"miR-34a,SNAI2,TWIST2,TWIST1,ZEB2,miR-200a,ZEB1,miR-141,TGF-beta,GSC,SNAI1",P,11
1504,"miR-34a,SNAI2,TWIST2,TWIST1,ZEB2,miR-200c,TGF-beta,SNAI1,miR-101,ZEB1",N,10
1505,"miR-34a,SNAI2,TWIST2,TWIST1,ZEB2,miR-200c,TGF-beta,SNAI1",N,8
1506,"miR-34a,SNAI2,TWIST2,TWIST1,ZEB2,miR-200c,TGF-beta,SNAI1,ZEB1",N,9
1507,"miR-34a,SNAI2,TWIST2,TWIST1,ZEB2,miR-200c,TGF-beta,SNAI1,FOXC2,ZEB1",N,10
1508,"miR-34a,SNAI2,TWIST2,TWIST1,ZEB2,miR-200c,TGF-beta,GSC,ZEB1",P,9
1509,"miR-34a,SNAI2,TWIST2,TWIST1,ZEB2,miR-200c,TGF-beta,GSC,FOXC2,ZEB1",P,10
1510,"miR-34a,SNAI2,TWIST2,TWIST1,ZEB2,miR-200c,TGF-beta,GSC,SNAI1,miR-101,ZEB1",N,11
1511,"miR-34a,SNAI2,TWIST2,TWIST1,ZEB2,miR-200c,TGF-beta,GSC,SNAI1",N,9
1512,"miR-34a,SNAI2,TWIST2,TWIST1,ZEB2,miR-200c,TGF-beta,GSC,SNAI1,ZEB1",N,10
1513,"miR-34a,SNAI2,TWIST2,TWIST1,ZEB2,miR-200c,TGF-beta,GSC,SNAI1,FOXC2,ZEB1",N,11
1514,"miR-34a,SNAI2,TWIST2,TWIST1,ZEB2,miR-200c,ZEB1",P,7
1515,"miR-34a,SNAI2,TWIST2,TWIST1,ZEB2,miR-200c,ZEB1,miR-200a,TGF-beta,SNAI1",P,10
1516,"miR-34a,SNAI2,TWIST2,TWIST1,ZEB2,miR-200c,ZEB1,miR-200a,TGF-beta,GSC,SNAI1",P,11
1517,"miR-34a,SNAI2,TWIST2,TWIST1,ZEB2,miR-200c,ZEB1,miR-200b,TGF-beta,SNAI1",N,10
1518,"miR-34a,SNAI2,TWIST2,TWIST1,ZEB2,miR-200c,ZEB1,miR-200b,TGF-beta,GSC,SNAI1",N,11
1519,"miR-34a,SNAI2,TWIST2,TWIST1,ZEB2,miR-200c,ZEB1,miR-141,TGF-beta,SNAI1",P,10
1520,"miR-34a,SNAI2,TWIST2,TWIST1,ZEB2,miR-200c,ZEB1,miR-141,TGF-beta,GSC,SNAI1",P,11
1521,"miR-34a,SNAI2,TWIST2,TWIST1,ZEB2,miR-200b,TGF-beta,SNAI1,miR-101,ZEB1",N,10
1522,"miR-34a,SNAI2,TWIST2,TWIST1,ZEB2,miR-200b,TGF-beta,SNAI1",N,8
1523,"miR-34a,SNAI2,TWIST2,TWIST1,ZEB2,miR-200b,TGF-beta,SNAI1,ZEB1",N,9
1524,"miR-34a,SNAI2,TWIST2,TWIST1,ZEB2,miR-200b,TGF-beta,SNAI1,FOXC2,ZEB1",N,10
1525,"miR-34a,SNAI2,TWIST2,TWIST1,ZEB2,miR-200b,TGF-beta,GSC,ZEB1",P,9
1526,"miR-34a,SNAI2,TWIST2,TWIST1,ZEB2,miR-200b,TGF-beta,GSC,FOXC2,ZEB1",P,10
1527,"miR-34a,SNAI2,TWIST2,TWIST1,ZEB2,miR-200b,TGF-beta,GSC,SNAI1,miR-101,ZEB1",N,11
1528,"miR-34a,SNAI2,TWIST2,TWIST1,ZEB2,miR-200b,TGF-beta,GSC,SNAI1",N,9
1529,"miR-34a,SNAI2,TWIST2,TWIST1,ZEB2,miR-200b,TGF-beta,GSC,SNAI1,ZEB1",N,10
1530,"miR-34a,SNAI2,TWIST2,TWIST1,ZEB2,miR-200b,TGF-beta,GSC,SNAI1,FOXC2,ZEB1",N,11
1531,"miR-34a,SNAI2,TWIST2,TWIST1,ZEB2,miR-200b,ZEB1",N,7
1532,"miR-34a,SNAI2,TWIST2,TWIST1,ZEB2,miR-200b,ZEB1,miR-200a,TGF-beta,SNAI1",N,10
1533,"miR-34a,SNAI2,TWIST2,TWIST1,ZEB2,miR-200b,ZEB1,miR-200a,TGF-beta,GSC,SNAI1",N,11
1534,"miR-34a,SNAI2,TWIST2,TWIST1,ZEB2,miR-200b,ZEB1,miR-200c,TGF-beta,SNAI1",N,10
1535,"miR-34a,SNAI2,TWIST2,TWIST1,ZEB2,miR-200b,ZEB1,miR-200c,TGF-beta,GSC,SNAI1",N,11
1536,"miR-34a,SNAI2,TWIST2,TWIST1,ZEB2,miR-200b,ZEB1,miR-141,TGF-beta,SNAI1",N,10
1537,"miR-34a,SNAI2,TWIST2,TWIST1,ZEB2,miR-200b,ZEB1,miR-141,TGF-beta,GSC,SNAI1",N,11
1538,"miR-34a,SNAI2,TWIST2,TWIST1,ZEB1",P,5
1539,"miR-34a,SNAI2,TWIST2,TWIST1,ZEB1,miR-200a,TGF-beta,SNAI1",P,8
1540,"miR-34a,SNAI2,TWIST2,TWIST1,ZEB1,miR-200a,TGF-beta,GSC,SNAI1",P,9
1541,"miR-34a,SNAI2,TWIST2,TWIST1,ZEB1,miR-200a,ZEB2,miR-200c,TGF-beta,SNAI1",N,10
1542,"miR-34a,SNAI2,TWIST2,TWIST1,ZEB1,miR-200a,ZEB2,miR-200c,TGF-beta,GSC,SNAI1",N,11
1543,"miR-34a,SNAI2,TWIST2,TWIST1,ZEB1,miR-200a,ZEB2,miR-200b,TGF-beta,SNAI1",N,10
1544,"miR-34a,SNAI2,TWIST2,TWIST1,ZEB1,miR-200a,ZEB2,miR-200b,TGF-beta,GSC,SNAI1",N,11
1545,"miR-34a,SNAI2,TWIST2,TWIST1,ZEB1,miR-200c,TGF-beta,SNAI1",P,8
1546,"miR-34a,SNAI2,TWIST2,TWIST1,ZEB1,miR-200c,TGF-beta,GSC,SNAI1",P,9
1547,"miR-34a,SNAI2,TWIST2,TWIST1,ZEB1,miR-200c,ZEB2,miR-200a,TGF-beta,SNAI1",N,10
1548,"miR-34a,SNAI2,TWIST2,TWIST1,ZEB1,miR-200c,ZEB2,miR-200a,TGF-beta,GSC,SNAI1",N,11
1549,"miR-34a,SNAI2,TWIST2,TWIST1,ZEB1,miR-200c,ZEB2,miR-200b,TGF-beta,SNAI1",N,10
1550,"miR-34a,SNAI2,TWIST2,TWIST1,ZEB1,miR-200c,ZEB2,miR-200b,TGF-beta,GSC,SNAI1",N,11
1551,"miR-34a,SNAI2,TWIST2,TWIST1,ZEB1,miR-200b,TGF-beta,SNAI1",N,8
1552,"miR-34a,SNAI2,TWIST2,TWIST1,ZEB1,miR-200b,TGF-beta,GSC,SNAI1",N,9
1553,"miR-34a,SNAI2,TWIST2,TWIST1,ZEB1,miR-200b,ZEB2,miR-200a,TGF-beta,SNAI1",P,10
1554,"miR-34a,SNAI2,TWIST2,TWIST1,ZEB1,miR-200b,ZEB2,miR-200a,TGF-beta,GSC,SNAI1",P,11
1555,"miR-34a,SNAI2,TWIST2,TWIST1,ZEB1,miR-200b,ZEB2,miR-200c,TGF-beta,SNAI1",P,10
1556,"miR-34a,SNAI2,TWIST2,TWIST1,ZEB1,miR-200b,ZEB2,miR-200c,TGF-beta,GSC,SNAI1",P,11
1557,"miR-34a,SNAI2,TWIST2,TWIST1,ZEB1,miR-141,TGF-beta,SNAI1",P,8
1558,"miR-34a,SNAI2,TWIST2,TWIST1,ZEB1,miR-141,TGF-beta,GSC,SNAI1",P,9
1559,"miR-34a,SNAI2,TWIST2,TWIST1,ZEB1,miR-141,ZEB2,miR-200a,TGF-beta,SNAI1",P,10
1560,"miR-34a,SNAI2,TWIST2,TWIST1,ZEB1,miR-141,ZEB2,miR-200a,TGF-beta,GSC,SNAI1",P,11
1561,"miR-34a,SNAI2,TWIST2,TWIST1,ZEB1,miR-141,ZEB2,miR-200c,TGF-beta,SNAI1",P,10
1562,"miR-34a,SNAI2,TWIST2,TWIST1,ZEB1,miR-141,ZEB2,miR-200c,TGF-beta,GSC,SNAI1",P,11
1563,"miR-34a,SNAI2,TWIST2,TWIST1,ZEB1,miR-141,ZEB2,miR-200b,TGF-beta,SNAI1",P,10
1564,"miR-34a,SNAI2,TWIST2,TWIST1,ZEB1,miR-141,ZEB2,miR-200b,TGF-beta,GSC,SNAI1",P,11
1565,"miR-34a,SNAI2,TWIST2,TWIST1,SNAI1,miR-101,ZEB2,miR-200a,TGF-beta,GSC,ZEB1",P,11
1566,"miR-34a,SNAI2,TWIST2,TWIST1,SNAI1,miR-101,ZEB2,miR-200a,TGF-beta,GSC,FOXC2,ZEB1",P,12
1567,"miR-34a,SNAI2,TWIST2,TWIST1,SNAI1,miR-101,ZEB2,miR-200a,ZEB1",P,9
1568,"miR-34a,SNAI2,TWIST2,TWIST1,SNAI1,miR-101,ZEB2,miR-200c,TGF-beta,GSC,ZEB1",P,11
1569,"miR-34a,SNAI2,TWIST2,TWIST1,SNAI1,miR-101,ZEB2,miR-200c,TGF-beta,GSC,FOXC2,ZEB1",P,12
1570,"miR-34a,SNAI2,TWIST2,TWIST1,SNAI1,miR-101,ZEB2,miR-200c,ZEB1",P,9
1571,"miR-34a,SNAI2,TWIST2,TWIST1,SNAI1,miR-101,ZEB2,miR-200b,TGF-beta,GSC,ZEB1",P,11
1572,"miR-34a,SNAI2,TWIST2,TWIST1,SNAI1,miR-101,ZEB2,miR-200b,TGF-beta,GSC,FOXC2,ZEB1",P,12
1573,"miR-34a,SNAI2,TWIST2,TWIST1,SNAI1,miR-101,ZEB2,miR-200b,ZEB1",N,9
1574,"miR-34a,SNAI2,TWIST2,TWIST1,SNAI1,miR-101,ZEB1",N,7
1575,"miR-34a,SNAI2,TWIST2,TWIST1,SNAI1",N,5
1576,"miR-34a,SNAI2,TWIST2,TWIST1,SNAI1,ZEB2,miR-200a,TGF-beta,GSC,ZEB1",N,10
1577,"miR-34a,SNAI2,TWIST2,TWIST1,SNAI1,ZEB2,miR-200a,TGF-beta,GSC,FOXC2,ZEB1",N,11
1578,"miR-34a,SNAI2,TWIST2,TWIST1,SNAI1,ZEB2,miR-200a,ZEB1",N,8
1579,"miR-34a,SNAI2,TWIST2,TWIST1,SNAI1,ZEB2,miR-200c,TGF-beta,GSC,ZEB1",N,10
1580,"miR-34a,SNAI2,TWIST2,TWIST1,SNAI1,ZEB2,miR-200c,TGF-beta,GSC,FOXC2,ZEB1",N,11
1581,"miR-34a,SNAI2,TWIST2,TWIST1,SNAI1,ZEB2,miR-200c,ZEB1",N,8
1582,"miR-34a,SNAI2,TWIST2,TWIST1,SNAI1,ZEB2,miR-200b,TGF-beta,GSC,ZEB1",N,10
1583,"miR-34a,SNAI2,TWIST2,TWIST1,SNAI1,ZEB2,miR-200b,TGF-beta,GSC,FOXC2,ZEB1",N,11
1584,"miR-34a,SNAI2,TWIST2,TWIST1,SNAI1,ZEB2,miR-200b,ZEB1",P,8
1585,"miR-34a,SNAI2,TWIST2,TWIST1,SNAI1,ZEB1",N,6
1586,"miR-34a,SNAI2,TWIST2,TWIST1,SNAI1,FOXC2,ZEB1",N,7
1587,"miR-34a,SNAI2,TWIST2,TWIST1,FOXC2,ZEB1",P,6
1588,"miR-34a,SNAI2,TWIST2,TWIST1,FOXC2,ZEB1,miR-200a,TGF-beta,SNAI1",P,9
1589,"miR-34a,SNAI2,TWIST2,TWIST1,FOXC2,ZEB1,miR-200a,TGF-beta,GSC,SNAI1",P,10
1590,"miR-34a,SNAI2,TWIST2,TWIST1,FOXC2,ZEB1,miR-200a,ZEB2,miR-200c,TGF-beta,SNAI1",N,11
1591,"miR-34a,SNAI2,TWIST2,TWIST1,FOXC2,ZEB1,miR-200a,ZEB2,miR-200c,TGF-beta,GSC,SNAI1",N,12
1592,"miR-34a,SNAI2,TWIST2,TWIST1,FOXC2,ZEB1,miR-200a,ZEB2,miR-200b,TGF-beta,SNAI1",N,11
1593,"miR-34a,SNAI2,TWIST2,TWIST1,FOXC2,ZEB1,miR-200a,ZEB2,miR-200b,TGF-beta,GSC,SNAI1",N,12
1594,"miR-34a,SNAI2,TWIST2,TWIST1,FOXC2,ZEB1,miR-200c,TGF-beta,SNAI1",P,9
1595,"miR-34a,SNAI2,TWIST2,TWIST1,FOXC2,ZEB1,miR-200c,TGF-beta,GSC,SNAI1",P,10
1596,"miR-34a,SNAI2,TWIST2,TWIST1,FOXC2,ZEB1,miR-200c,ZEB2,miR-200a,TGF-beta,SNAI1",N,11
1597,"miR-34a,SNAI2,TWIST2,TWIST1,FOXC2,ZEB1,miR-200c,ZEB2,miR-200a,TGF-beta,GSC,SNAI1",N,12
1598,"miR-34a,SNAI2,TWIST2,TWIST1,FOXC2,ZEB1,miR-200c,ZEB2,miR-200b,TGF-beta,SNAI1",N,11
1599,"miR-34a,SNAI2,TWIST2,TWIST1,FOXC2,ZEB1,miR-200c,ZEB2,miR-200b,TGF-beta,GSC,SNAI1",N,12
1600,"miR-34a,SNAI2,TWIST2,TWIST1,FOXC2,ZEB1,miR-200b,TGF-beta,SNAI1",N,9
1601,"miR-34a,SNAI2,TWIST2,TWIST1,FOXC2,ZEB1,miR-200b,TGF-beta,GSC,SNAI1",N,10
1602,"miR-34a,SNAI2,TWIST2,TWIST1,FOXC2,ZEB1,miR-200b,ZEB2,miR-200a,TGF-beta,SNAI1",P,11
1603,"miR-34a,SNAI2,TWIST2,TWIST1,FOXC2,ZEB1,miR-200b,ZEB2,miR-200a,TGF-beta,GSC,SNAI1",P,12
1604,"miR-34a,SNAI2,TWIST2,TWIST1,FOXC2,ZEB1,miR-200b,ZEB2,miR-200c,TGF-beta,SNAI1",P,11
1605,"miR-34a,SNAI2,TWIST2,TWIST1,FOXC2,ZEB1,miR-200b,ZEB2,miR-200c,TGF-beta,GSC,SNAI1",P,12
1606,"miR-34a,SNAI2,TWIST2,TWIST1,FOXC2,ZEB1,miR-141,TGF-beta,SNAI1",P,9
1607,"miR-34a,SNAI2,TWIST2,TWIST1,FOXC2,ZEB1,miR-141,TGF-beta,GSC,SNAI1",P,10
1608,"miR-34a,SNAI2,TWIST2,TWIST1,FOXC2,ZEB1,miR-141,ZEB2,miR-200a,TGF-beta,SNAI1",P,11
1609,"miR-34a,SNAI2,TWIST2,TWIST1,FOXC2,ZEB1,miR-141,ZEB2,miR-200a,TGF-beta,GSC,SNAI1",P,12
1610,"miR-34a,SNAI2,TWIST2,TWIST1,FOXC2,ZEB1,miR-141,ZEB2,miR-200c,TGF-beta,SNAI1",P,11
1611,"miR-34a,SNAI2,TWIST2,TWIST1,FOXC2,ZEB1,miR-141,ZEB2,miR-200c,TGF-beta,GSC,SNAI1",P,12
1612,"miR-34a,SNAI2,TWIST2,TWIST1,FOXC2,ZEB1,miR-141,ZEB2,miR-200b,TGF-beta,SNAI1",P,11
1613,"miR-34a,SNAI2,TWIST2,TWIST1,FOXC2,ZEB1,miR-141,ZEB2,miR-200b,TGF-beta,GSC,SNAI1",P,12
1614,"miR-34a,SNAI2,TWIST2,SNAI1,miR-101,ZEB2,miR-200a,TGF-beta,GSC,ZEB1",N,10
1615,"miR-34a,SNAI2,TWIST2,SNAI1,miR-101,ZEB2,miR-200a,TGF-beta,GSC,FOXC2,ZEB1",N,11
1616,"miR-34a,SNAI2,TWIST2,SNAI1,miR-101,ZEB2,miR-200a,TGF-beta,GSC,TWIST1,ZEB1",P,11
1617,"miR-34a,SNAI2,TWIST2,SNAI1,miR-101,ZEB2,miR-200a,TGF-beta,GSC,TWIST1,FOXC2,ZEB1",P,12
1618,"miR-34a,SNAI2,TWIST2,SNAI1,miR-101,ZEB2,miR-200a,ZEB1",N,8
1619,"miR-34a,SNAI2,TWIST2,SNAI1,miR-101,ZEB2,miR-200c,TGF-beta,GSC,ZEB1",N,10
1620,"miR-34a,SNAI2,TWIST2,SNAI1,miR-101,ZEB2,miR-200c,TGF-beta,GSC,FOXC2,ZEB1",N,11
1621,"miR-34a,SNAI2,TWIST2,SNAI1,miR-101,ZEB2,miR-200c,TGF-beta,GSC,TWIST1,ZEB1",P,11
1622,"miR-34a,SNAI2,TWIST2,SNAI1,miR-101,ZEB2,miR-200c,TGF-beta,GSC,TWIST1,FOXC2,ZEB1",P,12
1623,"miR-34a,SNAI2,TWIST2,SNAI1,miR-101,ZEB2,miR-200c,ZEB1",N,8
1624,"miR-34a,SNAI2,TWIST2,SNAI1,miR-101,ZEB2,miR-200b,TGF-beta,GSC,ZEB1",N,10
1625,"miR-34a,SNAI2,TWIST2,SNAI1,miR-101,ZEB2,miR-200b,TGF-beta,GSC,FOXC2,ZEB1",N,11
1626,"miR-34a,SNAI2,TWIST2,SNAI1,miR-101,ZEB2,miR-200b,TGF-beta,GSC,TWIST1,ZEB1",P,11
1627,"miR-34a,SNAI2,TWIST2,SNAI1,miR-101,ZEB2,miR-200b,TGF-beta,GSC,TWIST1,FOXC2,ZEB1",P,12
1628,"miR-34a,SNAI2,TWIST2,SNAI1,miR-101,ZEB2,miR-200b,ZEB1",P,8
1629,"miR-34a,SNAI2,TWIST2,SNAI1,miR-101,ZEB1",P,6
1630,"miR-34a,SNAI2,TWIST2,SNAI1",P,4
1631,"miR-34a,SNAI2,TWIST2,SNAI1,ZEB2,miR-200a,TGF-beta,GSC,ZEB1",P,9
1632,"miR-34a,SNAI2,TWIST2,SNAI1,ZEB2,miR-200a,TGF-beta,GSC,FOXC2,ZEB1",P,10
1633,"miR-34a,SNAI2,TWIST2,SNAI1,ZEB2,miR-200a,TGF-beta,GSC,TWIST1,ZEB1",N,10
1634,"miR-34a,SNAI2,TWIST2,SNAI1,ZEB2,miR-200a,TGF-beta,GSC,TWIST1,FOXC2,ZEB1",N,11
1635,"miR-34a,SNAI2,TWIST2,SNAI1,ZEB2,miR-200a,ZEB1",P,7
1636,"miR-34a,SNAI2,TWIST2,SNAI1,ZEB2,miR-200c,TGF-beta,GSC,ZEB1",P,9
1637,"miR-34a,SNAI2,TWIST2,SNAI1,ZEB2,miR-200c,TGF-beta,GSC,FOXC2,ZEB1",P,10
1638,"miR-34a,SNAI2,TWIST2,SNAI1,ZEB2,miR-200c,TGF-beta,GSC,TWIST1,ZEB1",N,10
1639,"miR-34a,SNAI2,TWIST2,SNAI1,ZEB2,miR-200c,TGF-beta,GSC,TWIST1,FOXC2,ZEB1",N,11
1640,"miR-34a,SNAI2,TWIST2,SNAI1,ZEB2,miR-200c,ZEB1",P,7
1641,"miR-34a,SNAI2,TWIST2,SNAI1,ZEB2,miR-200b,TGF-beta,GSC,ZEB1",P,9
1642,"miR-34a,SNAI2,TWIST2,SNAI1,ZEB2,miR-200b,TGF-beta,GSC,FOXC2,ZEB1",P,10
1643,"miR-34a,SNAI2,TWIST2,SNAI1,ZEB2,miR-200b,TGF-beta,GSC,TWIST1,ZEB1",N,10
1644,"miR-34a,SNAI2,TWIST2,SNAI1,ZEB2,miR-200b,TGF-beta,GSC,TWIST1,FOXC2,ZEB1",N,11
1645,"miR-34a,SNAI2,TWIST2,SNAI1,ZEB2,miR-200b,ZEB1",N,7
1646,"miR-34a,SNAI2,TWIST2,SNAI1,ZEB1",P,5
1647,"miR-34a,SNAI2,TWIST2,SNAI1,TWIST1,ZEB2,miR-200a,TGF-beta,GSC,ZEB1",N,10
1648,"miR-34a,SNAI2,TWIST2,SNAI1,TWIST1,ZEB2,miR-200a,TGF-beta,GSC,FOXC2,ZEB1",N,11
1649,"miR-34a,SNAI2,TWIST2,SNAI1,TWIST1,ZEB2,miR-200a,ZEB1",N,8
1650,"miR-34a,SNAI2,TWIST2,SNAI1,TWIST1,ZEB2,miR-200c,TGF-beta,GSC,ZEB1",N,10
1651,"miR-34a,SNAI2,TWIST2,SNAI1,TWIST1,ZEB2,miR-200c,TGF-beta,GSC,FOXC2,ZEB1",N,11
1652,"miR-34a,SNAI2,TWIST2,SNAI1,TWIST1,ZEB2,miR-200c,ZEB1",N,8
1653,"miR-34a,SNAI2,TWIST2,SNAI1,TWIST1,ZEB2,miR-200b,TGF-beta,GSC,ZEB1",N,10
1654,"miR-34a,SNAI2,TWIST2,SNAI1,TWIST1,ZEB2,miR-200b,TGF-beta,GSC,FOXC2,ZEB1",N,11
1655,"miR-34a,SNAI2,TWIST2,SNAI1,TWIST1,ZEB2,miR-200b,ZEB1",P,8
1656,"miR-34a,SNAI2,TWIST2,SNAI1,TWIST1,ZEB1",N,6
1657,"miR-34a,SNAI2,TWIST2,SNAI1,TWIST1,FOXC2,ZEB1",N,7
1658,"miR-34a,SNAI2,TWIST2,SNAI1,FOXC2,ZEB1",P,6
1659,"miR-34a,SNAI1,miR-101,ZEB2,miR-200a,TGF-beta,SNAI2,miR-200b,ZEB1",N,9
1660,"miR-34a,SNAI1,miR-101,ZEB2,miR-200a,TGF-beta,SNAI2,TWIST2,ZEB1",N,9
1661,"miR-34a,SNAI1,miR-101,ZEB2,miR-200a,TGF-beta,SNAI2,TWIST2,TWIST1,ZEB1",P,10
1662,"miR-34a,SNAI1,miR-101,ZEB2,miR-200a,TGF-beta,SNAI2,TWIST2,TWIST1,FOXC2,ZEB1",P,11
1663,"miR-34a,SNAI1,miR-101,ZEB2,miR-200a,TGF-beta,GSC,ZEB1",P,8
1664,"miR-34a,SNAI1,miR-101,ZEB2,miR-200a,TGF-beta,GSC,FOXC2,ZEB1",P,9
1665,"miR-34a,SNAI1,miR-101,ZEB2,miR-200a,TGF-beta,GSC,TWIST1,ZEB1",N,9
1666,"miR-34a,SNAI1,miR-101,ZEB2,miR-200a,TGF-beta,GSC,TWIST1,SNAI2,miR-200b,ZEB1",P,11
1667,"miR-34a,SNAI1,miR-101,ZEB2,miR-200a,TGF-beta,GSC,TWIST1,SNAI2,TWIST2,ZEB1",P,11
1668,"miR-34a,SNAI1,miR-101,ZEB2,miR-200a,TGF-beta,GSC,TWIST1,FOXC2,ZEB1",N,10
1669,"miR-34a,SNAI1,miR-101,ZEB2,miR-200a,ZEB1",P,6
1670,"miR-34a,SNAI1,miR-101,ZEB2,miR-200c,TGF-beta,SNAI2,miR-200b,ZEB1",N,9
1671,"miR-34a,SNAI1,miR-101,ZEB2,miR-200c,TGF-beta,SNAI2,TWIST2,ZEB1",N,9
1672,"miR-34a,SNAI1,miR-101,ZEB2,miR-200c,TGF-beta,SNAI2,TWIST2,TWIST1,ZEB1",P,10
1673,"miR-34a,SNAI1,miR-101,ZEB2,miR-200c,TGF-beta,SNAI2,TWIST2,TWIST1,FOXC2,ZEB1",P,11
1674,"miR-34a,SNAI1,miR-101,ZEB2,miR-200c,TGF-beta,GSC,ZEB1",P,8
1675,"miR-34a,SNAI1,miR-101,ZEB2,miR-200c,TGF-beta,GSC,FOXC2,ZEB1",P,9
1676,"miR-34a,SNAI1,miR-101,ZEB2,miR-200c,TGF-beta,GSC,TWIST1,ZEB1",N,9
1677,"miR-34a,SNAI1,miR-101,ZEB2,miR-200c,TGF-beta,GSC,TWIST1,SNAI2,miR-200b,ZEB1",P,11
1678,"miR-34a,SNAI1,miR-101,ZEB2,miR-200c,TGF-beta,GSC,TWIST1,SNAI2,TWIST2,ZEB1",P,11
1679,"miR-34a,SNAI1,miR-101,ZEB2,miR-200c,TGF-beta,GSC,TWIST1,FOXC2,ZEB1",N,10
1680,"miR-34a,SNAI1,miR-101,ZEB2,miR-200c,ZEB1",P,6
1681,"miR-34a,SNAI1,miR-101,ZEB2,miR-200b,TGF-beta,SNAI2,TWIST2,ZEB1",N,9
1682,"miR-34a,SNAI1,miR-101,ZEB2,miR-200b,TGF-beta,SNAI2,TWIST2,TWIST1,ZEB1",P,10
1683,"miR-34a,SNAI1,miR-101,ZEB2,miR-200b,TGF-beta,SNAI2,TWIST2,TWIST1,FOXC2,ZEB1",P,11
1684,"miR-34a,SNAI1,miR-101,ZEB2,miR-200b,TGF-beta,GSC,ZEB1",P,8
1685,"miR-34a,SNAI1,miR-101,ZEB2,miR-200b,TGF-beta,GSC,FOXC2,ZEB1",P,9
1686,"miR-34a,SNAI1,miR-101,ZEB2,miR-200b,TGF-beta,GSC,TWIST1,ZEB1",N,9
1687,"miR-34a,SNAI1,miR-101,ZEB2,miR-200b,TGF-beta,GSC,TWIST1,SNAI2,TWIST2,ZEB1",P,11
1688,"miR-34a,SNAI1,miR-101,ZEB2,miR-200b,TGF-beta,GSC,TWIST1,FOXC2,ZEB1",N,10
1689,"miR-34a,SNAI1,miR-101,ZEB2,miR-200b,ZEB1",N,6
1690,"miR-34a,SNAI1,miR-101,ZEB1",N,4
1691,"miR-34a,SNAI1",N,2
1692,"miR-34a,SNAI1,ZEB2,miR-200a,TGF-beta,SNAI2,miR-200b,ZEB1",P,8
1693,"miR-34a,SNAI1,ZEB2,miR-200a,TGF-beta,SNAI2,miR-101,ZEB1",P,8
1694,"miR-34a,SNAI1,ZEB2,miR-200a,TGF-beta,SNAI2,TWIST2,ZEB1",P,8
1695,"miR-34a,SNAI1,ZEB2,miR-200a,TGF-beta,SNAI2,TWIST2,TWIST1,ZEB1",N,9
1696,"miR-34a,SNAI1,ZEB2,miR-200a,TGF-beta,SNAI2,TWIST2,TWIST1,FOXC2,ZEB1",N,10
1697,"miR-34a,SNAI1,ZEB2,miR-200a,TGF-beta,GSC,ZEB1",N,7
1698,"miR-34a,SNAI1,ZEB2,miR-200a,TGF-beta,GSC,FOXC2,ZEB1",N,8
1699,"miR-34a,SNAI1,ZEB2,miR-200a,TGF-beta,GSC,TWIST1,ZEB1",P,8
1700,"miR-34a,SNAI1,ZEB2,miR-200a,TGF-beta,GSC,TWIST1,SNAI2,miR-200b,ZEB1",N,10
1701,"miR-34a,SNAI1,ZEB2,miR-200a,TGF-beta,GSC,TWIST1,SNAI2,miR-101,ZEB1",N,10
1702,"miR-34a,SNAI1,ZEB2,miR-200a,TGF-beta,GSC,TWIST1,SNAI2,TWIST2,ZEB1",N,10
1703,"miR-34a,SNAI1,ZEB2,miR-200a,TGF-beta,GSC,TWIST1,FOXC2,ZEB1",P,9
1704,"miR-34a,SNAI1,ZEB2,miR-200a,ZEB1",N,5
1705,"miR-34a,SNAI1,ZEB2,miR-200c,TGF-beta,SNAI2,miR-200b,ZEB1",P,8
1706,"miR-34a,SNAI1,ZEB2,miR-200c,TGF-beta,SNAI2,miR-101,ZEB1",P,8
1707,"miR-34a,SNAI1,ZEB2,miR-200c,TGF-beta,SNAI2,TWIST2,ZEB1",P,8
1708,"miR-34a,SNAI1,ZEB2,miR-200c,TGF-beta,SNAI2,TWIST2,TWIST1,ZEB1",N,9
1709,"miR-34a,SNAI1,ZEB2,miR-200c,TGF-beta,SNAI2,TWIST2,TWIST1,FOXC2,ZEB1",N,10
1710,"miR-34a,SNAI1,ZEB2,miR-200c,TGF-beta,GSC,ZEB1",N,7
1711,"miR-34a,SNAI1,ZEB2,miR-200c,TGF-beta,GSC,FOXC2,ZEB1",N,8
1712,"miR-34a,SNAI1,ZEB2,miR-200c,TGF-beta,GSC,TWIST1,ZEB1",P,8
1713,"miR-34a,SNAI1,ZEB2,miR-200c,TGF-beta,GSC,TWIST1,SNAI2,miR-200b,ZEB1",N,10
1714,"miR-34a,SNAI1,ZEB2,miR-200c,TGF-beta,GSC,TWIST1,SNAI2,miR-101,ZEB1",N,10
1715,"miR-34a,SNAI1,ZEB2,miR-200c,TGF-beta,GSC,TWIST1,SNAI2,TWIST2,ZEB1",N,10
1716,"miR-34a,SNAI1,ZEB2,miR-200c,TGF-beta,GSC,TWIST1,FOXC2,ZEB1",P,9
1717,"miR-34a,SNAI1,ZEB2,miR-200c,ZEB1",N,5
1718,"miR-34a,SNAI1,ZEB2,miR-200b,TGF-beta,SNAI2,miR-101,ZEB1",P,8
1719,"miR-34a,SNAI1,ZEB2,miR-200b,TGF-beta,SNAI2,TWIST2,ZEB1",P,8
1720,"miR-34a,SNAI1,ZEB2,miR-200b,TGF-beta,SNAI2,TWIST2,TWIST1,ZEB1",N,9
1721,"miR-34a,SNAI1,ZEB2,miR-200b,TGF-beta,SNAI2,TWIST2,TWIST1,FOXC2,ZEB1",N,10
1722,"miR-34a,SNAI1,ZEB2,miR-200b,TGF-beta,GSC,ZEB1",N,7
1723,"miR-34a,SNAI1,ZEB2,miR-200b,TGF-beta,GSC,FOXC2,ZEB1",N,8
1724,"miR-34a,SNAI1,ZEB2,miR-200b,TGF-beta,GSC,TWIST1,ZEB1",P,8
1725,"miR-34a,SNAI1,ZEB2,miR-200b,TGF-beta,GSC,TWIST1,SNAI2,miR-101,ZEB1",N,10
1726,"miR-34a,SNAI1,ZEB2,miR-200b,TGF-beta,GSC,TWIST1,SNAI2,TWIST2,ZEB1",N,10
1727,"miR-34a,SNAI1,ZEB2,miR-200b,TGF-beta,GSC,TWIST1,FOXC2,ZEB1",P,9
1728,"miR-34a,SNAI1,ZEB2,miR-200b,ZEB1",P,5
1729,"miR-34a,SNAI1,ZEB1",N,3
1730,"miR-34a,SNAI1,TWIST1,ZEB2,miR-200a,TGF-beta,SNAI2,miR-200b,ZEB1",N,9
1731,"miR-34a,SNAI1,TWIST1,ZEB2,miR-200a,TGF-beta,SNAI2,miR-101,ZEB1",N,9
1732,"miR-34a,SNAI1,TWIST1,ZEB2,miR-200a,TGF-beta,SNAI2,TWIST2,ZEB1",N,9
1733,"miR-34a,SNAI1,TWIST1,ZEB2,miR-200a,TGF-beta,GSC,ZEB1",P,8
1734,"miR-34a,SNAI1,TWIST1,ZEB2,miR-200a,TGF-beta,GSC,FOXC2,ZEB1",P,9
1735,"miR-34a,SNAI1,TWIST1,ZEB2,miR-200a,ZEB1",P,6
1736,"miR-34a,SNAI1,TWIST1,ZEB2,miR-200c,TGF-beta,SNAI2,miR-200b,ZEB1",N,9
1737,"miR-34a,SNAI1,TWIST1,ZEB2,miR-200c,TGF-beta,SNAI2,miR-101,ZEB1",N,9
1738,"miR-34a,SNAI1,TWIST1,ZEB2,miR-200c,TGF-beta,SNAI2,TWIST2,ZEB1",N,9
1739,"miR-34a,SNAI1,TWIST1,ZEB2,miR-200c,TGF-beta,GSC,ZEB1",P,8
1740,"miR-34a,SNAI1,TWIST1,ZEB2,miR-200c,TGF-beta,GSC,FOXC2,ZEB1",P,9
1741,"miR-34a,SNAI1,TWIST1,ZEB2,miR-200c,ZEB1",P,6
1742,"miR-34a,SNAI1,TWIST1,ZEB2,miR-200b,TGF-beta,SNAI2,miR-101,ZEB1",N,9
1743,"miR-34a,SNAI1,TWIST1,ZEB2,miR-200b,TGF-beta,SNAI2,TWIST2,ZEB1",N,9
1744,"miR-34a,SNAI1,TWIST1,ZEB2,miR-200b,TGF-beta,GSC,ZEB1",P,8
1745,"miR-34a,SNAI1,TWIST1,ZEB2,miR-200b,TGF-beta,GSC,FOXC2,ZEB1",P,9
1746,"miR-34a,SNAI1,TWIST1,ZEB2,miR-200b,ZEB1",N,6
1747,"miR-34a,SNAI1,TWIST1,ZEB1",P,4
1748,"miR-34a,SNAI1,TWIST1,SNAI2,miR-200b,TGF-beta,GSC,ZEB2,miR-200a,ZEB1",P,10
1749,"miR-34a,SNAI1,TWIST1,SNAI2,miR-200b,TGF-beta,GSC,ZEB2,miR-200c,ZEB1",P,10
1750,"miR-34a,SNAI1,TWIST1,SNAI2,miR-200b,TGF-beta,GSC,ZEB1",P,8
1751,"miR-34a,SNAI1,TWIST1,SNAI2,miR-200b,TGF-beta,GSC,FOXC2,ZEB1",P,9
1752,"miR-34a,SNAI1,TWIST1,SNAI2,miR-200b,ZEB2,miR-200a,TGF-beta,GSC,ZEB1",N,10
1753,"miR-34a,SNAI1,TWIST1,SNAI2,miR-200b,ZEB2,miR-200a,TGF-beta,GSC,FOXC2,ZEB1",N,11
1754,"miR-34a,SNAI1,TWIST1,SNAI2,miR-200b,ZEB2,miR-200a,ZEB1",N,8
1755,"miR-34a,SNAI1,TWIST1,SNAI2,miR-200b,ZEB2,miR-200c,TGF-beta,GSC,ZEB1",N,10
1756,"miR-34a,SNAI1,TWIST1,SNAI2,miR-200b,ZEB2,miR-200c,TGF-beta,GSC,FOXC2,ZEB1",N,11
1757,"miR-34a,SNAI1,TWIST1,SNAI2,miR-200b,ZEB2,miR-200c,ZEB1",N,8
1758,"miR-34a,SNAI1,TWIST1,SNAI2,miR-200b,ZEB1",N,6
1759,"miR-34a,SNAI1,TWIST1,SNAI2,miR-101,ZEB2,miR-200a,TGF-beta,GSC,ZEB1",P,10
1760,"miR-34a,SNAI1,TWIST1,SNAI2,miR-101,ZEB2,miR-200a,TGF-beta,GSC,FOXC2,ZEB1",P,11
1761,"miR-34a,SNAI1,TWIST1,SNAI2,miR-101,ZEB2,miR-200a,ZEB1",P,8
1762,"miR-34a,SNAI1,TWIST1,SNAI2,miR-101,ZEB2,miR-200c,TGF-beta,GSC,ZEB1",P,10
1763,"miR-34a,SNAI1,TWIST1,SNAI2,miR-101,ZEB2,miR-200c,TGF-beta,GSC,FOXC2,ZEB1",P,11
1764,"miR-34a,SNAI1,TWIST1,SNAI2,miR-101,ZEB2,miR-200c,ZEB1",P,8
1765,"miR-34a,SNAI1,TWIST1,SNAI2,miR-101,ZEB2,miR-200b,TGF-beta,GSC,ZEB1",P,10
1766,"miR-34a,SNAI1,TWIST1,SNAI2,miR-101,ZEB2,miR-200b,TGF-beta,GSC,FOXC2,ZEB1",P,11
1767,"miR-34a,SNAI1,TWIST1,SNAI2,miR-101,ZEB2,miR-200b,ZEB1",N,8
1768,"miR-34a,SNAI1,TWIST1,SNAI2,miR-101,ZEB1",N,6
1769,"miR-34a,SNAI1,TWIST1,SNAI2,TWIST2,ZEB2,miR-200a,TGF-beta,GSC,ZEB1",P,10
1770,"miR-34a,SNAI1,TWIST1,SNAI2,TWIST2,ZEB2,miR-200a,TGF-beta,GSC,FOXC2,ZEB1",P,11
1771,"miR-34a,SNAI1,TWIST1,SNAI2,TWIST2,ZEB2,miR-200a,ZEB1",P,8
1772,"miR-34a,SNAI1,TWIST1,SNAI2,TWIST2,ZEB2,miR-200c,TGF-beta,GSC,ZEB1",P,10
1773,"miR-34a,SNAI1,TWIST1,SNAI2,TWIST2,ZEB2,miR-200c,TGF-beta,GSC,FOXC2,ZEB1",P,11
1774,"miR-34a,SNAI1,TWIST1,SNAI2,TWIST2,ZEB2,miR-200c,ZEB1",P,8
1775,"miR-34a,SNAI1,TWIST1,SNAI2,TWIST2,ZEB2,miR-200b,TGF-beta,GSC,ZEB1",P,10
1776,"miR-34a,SNAI1,TWIST1,SNAI2,TWIST2,ZEB2,miR-200b,TGF-beta,GSC,FOXC2,ZEB1",P,11
1777,"miR-34a,SNAI1,TWIST1,SNAI2,TWIST2,ZEB2,miR-200b,ZEB1",N,8
1778,"miR-34a,SNAI1,TWIST1,SNAI2,TWIST2,ZEB1",N,6
1779,"miR-34a,SNAI1,TWIST1,FOXC2,ZEB1",P,5
1780,"miR-34a,SNAI1,SNAI2,miR-200b,TGF-beta,GSC,ZEB2,miR-200a,ZEB1",N,9
1781,"miR-34a,SNAI1,SNAI2,miR-200b,TGF-beta,GSC,ZEB2,miR-200c,ZEB1",N,9
1782,"miR-34a,SNAI1,SNAI2,miR-200b,TGF-beta,GSC,ZEB1",N,7
1783,"miR-34a,SNAI1,SNAI2,miR-200b,TGF-beta,GSC,FOXC2,ZEB1",N,8
1784,"miR-34a,SNAI1,SNAI2,miR-200b,TGF-beta,GSC,TWIST1,ZEB2,miR-200a,ZEB1",P,10
1785,"miR-34a,SNAI1,SNAI2,miR-200b,TGF-beta,GSC,TWIST1,ZEB2,miR-200c,ZEB1",P,10
1786,"miR-34a,SNAI1,SNAI2,miR-200b,TGF-beta,GSC,TWIST1,ZEB1",P,8
1787,"miR-34a,SNAI1,SNAI2,miR-200b,TGF-beta,GSC,TWIST1,FOXC2,ZEB1",P,9
1788,"miR-34a,SNAI1,SNAI2,miR-200b,ZEB2,miR-200a,TGF-beta,GSC,ZEB1",P,9
1789,"miR-34a,SNAI1,SNAI2,miR-200b,ZEB2,miR-200a,TGF-beta,GSC,FOXC2,ZEB1",P,10
1790,"miR-34a,SNAI1,SNAI2,miR-200b,ZEB2,miR-200a,TGF-beta,GSC,TWIST1,ZEB1",N,10
1791,"miR-34a,SNAI1,SNAI2,miR-200b,ZEB2,miR-200a,TGF-beta,GSC,TWIST1,FOXC2,ZEB1",N,11
1792,"miR-34a,SNAI1,SNAI2,miR-200b,ZEB2,miR-200a,ZEB1",P,7
1793,"miR-34a,SNAI1,SNAI2,miR-200b,ZEB2,miR-200c,TGF-beta,GSC,ZEB1",P,9
1794,"miR-34a,SNAI1,SNAI2,miR-200b,ZEB2,miR-200c,TGF-beta,GSC,FOXC2,ZEB1",P,10
1795,"miR-34a,SNAI1,SNAI2,miR-200b,ZEB2,miR-200c,TGF-beta,GSC,TWIST1,ZEB1",N,10
1796,"miR-34a,SNAI1,SNAI2,miR-200b,ZEB2,miR-200c,TGF-beta,GSC,TWIST1,FOXC2,ZEB1",N,11
1797,"miR-34a,SNAI1,SNAI2,miR-200b,ZEB2,miR-200c,ZEB1",P,7
1798,"miR-34a,SNAI1,SNAI2,miR-200b,ZEB1",P,5
1799,"miR-34a,SNAI1,SNAI2,miR-101,ZEB2,miR-200a,TGF-beta,GSC,ZEB1",N,9
1800,"miR-34a,SNAI1,SNAI2,miR-101,ZEB2,miR-200a,TGF-beta,GSC,FOXC2,ZEB1",N,10
1801,"miR-34a,SNAI1,SNAI2,miR-101,ZEB2,miR-200a,TGF-beta,GSC,TWIST1,ZEB1",P,10
1802,"miR-34a,SNAI1,SNAI2,miR-101,ZEB2,miR-200a,TGF-beta,GSC,TWIST1,FOXC2,ZEB1",P,11
1803,"miR-34a,SNAI1,SNAI2,miR-101,ZEB2,miR-200a,ZEB1",N,7
1804,"miR-34a,SNAI1,SNAI2,miR-101,ZEB2,miR-200c,TGF-beta,GSC,ZEB1",N,9
1805,"miR-34a,SNAI1,SNAI2,miR-101,ZEB2,miR-200c,TGF-beta,GSC,FOXC2,ZEB1",N,10
1806,"miR-34a,SNAI1,SNAI2,miR-101,ZEB2,miR-200c,TGF-beta,GSC,TWIST1,ZEB1",P,10
1807,"miR-34a,SNAI1,SNAI2,miR-101,ZEB2,miR-200c,TGF-beta,GSC,TWIST1,FOXC2,ZEB1",P,11
1808,"miR-34a,SNAI1,SNAI2,miR-101,ZEB2,miR-200c,ZEB1",N,7
1809,"miR-34a,SNAI1,SNAI2,miR-101,ZEB2,miR-200b,TGF-beta,GSC,ZEB1",N,9
1810,"miR-34a,SNAI1,SNAI2,miR-101,ZEB2,miR-200b,TGF-beta,GSC,FOXC2,ZEB1",N,10
1811,"miR-34a,SNAI1,SNAI2,miR-101,ZEB2,miR-200b,TGF-beta,GSC,TWIST1,ZEB1",P,10
1812,"miR-34a,SNAI1,SNAI2,miR-101,ZEB2,miR-200b,TGF-beta,GSC,TWIST1,FOXC2,ZEB1",P,11
1813,"miR-34a,SNAI1,SNAI2,miR-101,ZEB2,miR-200b,ZEB1",P,7
1814,"miR-34a,SNAI1,SNAI2,miR-101,ZEB1",P,5
1815,"miR-34a,SNAI1,SNAI2,TWIST2,ZEB2,miR-200a,TGF-beta,GSC,ZEB1",N,9
1816,"miR-34a,SNAI1,SNAI2,TWIST2,ZEB2,miR-200a,TGF-beta,GSC,FOXC2,ZEB1",N,10
1817,"miR-34a,SNAI1,SNAI2,TWIST2,ZEB2,miR-200a,TGF-beta,GSC,TWIST1,ZEB1",P,10
1818,"miR-34a,SNAI1,SNAI2,TWIST2,ZEB2,miR-200a,TGF-beta,GSC,TWIST1,FOXC2,ZEB1",P,11
1819,"miR-34a,SNAI1,SNAI2,TWIST2,ZEB2,miR-200a,ZEB1",N,7
1820,"miR-34a,SNAI1,SNAI2,TWIST2,ZEB2,miR-200c,TGF-beta,GSC,ZEB1",N,9
1821,"miR-34a,SNAI1,SNAI2,TWIST2,ZEB2,miR-200c,TGF-beta,GSC,FOXC2,ZEB1",N,10
1822,"miR-34a,SNAI1,SNAI2,TWIST2,ZEB2,miR-200c,TGF-beta,GSC,TWIST1,ZEB1",P,10
1823,"miR-34a,SNAI1,SNAI2,TWIST2,ZEB2,miR-200c,TGF-beta,GSC,TWIST1,FOXC2,ZEB1",P,11
1824,"miR-34a,SNAI1,SNAI2,TWIST2,ZEB2,miR-200c,ZEB1",N,7
1825,"miR-34a,SNAI1,SNAI2,TWIST2,ZEB2,miR-200b,TGF-beta,GSC,ZEB1",N,9
1826,"miR-34a,SNAI1,SNAI2,TWIST2,ZEB2,miR-200b,TGF-beta,GSC,FOXC2,ZEB1",N,10
1827,"miR-34a,SNAI1,SNAI2,TWIST2,ZEB2,miR-200b,TGF-beta,GSC,TWIST1,ZEB1",P,10
1828,"miR-34a,SNAI1,SNAI2,TWIST2,ZEB2,miR-200b,TGF-beta,GSC,TWIST1,FOXC2,ZEB1",P,11
1829,"miR-34a,SNAI1,SNAI2,TWIST2,ZEB2,miR-200b,ZEB1",P,7
1830,"miR-34a,SNAI1,SNAI2,TWIST2,ZEB1",P,5
1831,"miR-34a,SNAI1,SNAI2,TWIST2,TWIST1,ZEB2,miR-200a,TGF-beta,GSC,ZEB1",N,10
1832,"miR-34a,SNAI1,SNAI2,TWIST2,TWIST1,ZEB2,miR-200a,TGF-beta,GSC,FOXC2,ZEB1",N,11
1833,"miR-34a,SNAI1,SNAI2,TWIST2,TWIST1,ZEB2,miR-200a,ZEB1",N,8
1834,"miR-34a,SNAI1,SNAI2,TWIST2,TWIST1,ZEB2,miR-200c,TGF-beta,GSC,ZEB1",N,10
1835,"miR-34a,SNAI1,SNAI2,TWIST2,TWIST1,ZEB2,miR-200c,TGF-beta,GSC,FOXC2,ZEB1",N,11
1836,"miR-34a,SNAI1,SNAI2,TWIST2,TWIST1,ZEB2,miR-200c,ZEB1",N,8
1837,"miR-34a,SNAI1,SNAI2,TWIST2,TWIST1,ZEB2,miR-200b,TGF-beta,GSC,ZEB1",N,10
1838,"miR-34a,SNAI1,SNAI2,TWIST2,TWIST1,ZEB2,miR-200b,TGF-beta,GSC,FOXC2,ZEB1",N,11
1839,"miR-34a,SNAI1,SNAI2,TWIST2,TWIST1,ZEB2,miR-200b,ZEB1",P,8
1840,"miR-34a,SNAI1,SNAI2,TWIST2,TWIST1,ZEB1",N,6
1841,"miR-34a,SNAI1,SNAI2,TWIST2,TWIST1,FOXC2,ZEB1",N,7
1842,"miR-34a,SNAI1,FOXC2,ZEB1",N,4
1843,"SNAI1,miR-101",P,2
1844,"SNAI1,miR-101,ZEB2,miR-200a,TGF-beta,SNAI2,TWIST2,TWIST1",P,8
1845,"SNAI1,miR-101,ZEB2,miR-200a,TGF-beta,SNAI2,TWIST2",N,7
1846,"SNAI1,miR-101,ZEB2,miR-200a,TGF-beta",P,5
1847,"SNAI1,miR-101,ZEB2,miR-200a,TGF-beta,GSC,TWIST1,SNAI2,TWIST2",P,9
1848,"SNAI1,miR-101,ZEB2,miR-200a,TGF-beta,GSC,TWIST1",N,7
1849,"SNAI1,miR-101,ZEB2,miR-200a,TGF-beta,GSC",P,6
1850,"SNAI1,miR-101,ZEB2,miR-200a,ZEB1,miR-200c,TGF-beta,SNAI2,TWIST2,TWIST1",N,10
1851,"SNAI1,miR-101,ZEB2,miR-200a,ZEB1,miR-200c,TGF-beta,SNAI2,TWIST2",P,9
1852,"SNAI1,miR-101,ZEB2,miR-200a,ZEB1,miR-200c,TGF-beta",N,7
1853,"SNAI1,miR-101,ZEB2,miR-200a,ZEB1,miR-200c,TGF-beta,GSC,TWIST1,SNAI2,TWIST2",N,11
1854,"SNAI1,miR-101,ZEB2,miR-200a,ZEB1,miR-200c,TGF-beta,GSC,TWIST1",P,9
1855,"SNAI1,miR-101,ZEB2,miR-200a,ZEB1,miR-200c,TGF-beta,GSC",N,8
1856,"SNAI1,miR-101,ZEB2,miR-200a,ZEB1,miR-200b,TGF-beta,SNAI2,TWIST2,TWIST1",P,10
1857,"SNAI1,miR-101,ZEB2,miR-200a,ZEB1,miR-200b,TGF-beta,SNAI2,TWIST2",N,9
1858,"SNAI1,miR-101,ZEB2,miR-200a,ZEB1,miR-200b,TGF-beta",P,7
1859,"SNAI1,miR-101,ZEB2,miR-200a,ZEB1,miR-200b,TGF-beta,GSC,TWIST1,SNAI2,TWIST2",P,11
1860,"SNAI1,miR-101,ZEB2,miR-200a,ZEB1,miR-200b,TGF-beta,GSC,TWIST1",N,9
1861,"SNAI1,miR-101,ZEB2,miR-200a,ZEB1,miR-200b,TGF-beta,GSC",P,8
1862,"SNAI1,miR-101,ZEB2,miR-200a,ZEB1,miR-141,TGF-beta,SNAI2,TWIST2,TWIST1",N,10
1863,"SNAI1,miR-101,ZEB2,miR-200a,ZEB1,miR-141,TGF-beta,SNAI2,TWIST2",P,9
1864,"SNAI1,miR-101,ZEB2,miR-200a,ZEB1,miR-141,TGF-beta",N,7
1865,"SNAI1,miR-101,ZEB2,miR-200a,ZEB1,miR-141,TGF-beta,GSC,TWIST1,SNAI2,TWIST2",N,11
1866,"SNAI1,miR-101,ZEB2,miR-200a,ZEB1,miR-141,TGF-beta,GSC,TWIST1",P,9
1867,"SNAI1,miR-101,ZEB2,miR-200a,ZEB1,miR-141,TGF-beta,GSC",N,8
1868,"SNAI1,miR-101,ZEB2,miR-200c,TGF-beta,SNAI2,TWIST2,TWIST1",P,8
1869,"SNAI1,miR-101,ZEB2,miR-200c,TGF-beta,SNAI2,TWIST2",N,7
1870,"SNAI1,miR-101,ZEB2,miR-200c,TGF-beta",P,5
1871,"SNAI1,miR-101,ZEB2,miR-200c,TGF-beta,GSC,TWIST1,SNAI2,TWIST2",P,9
1872,"SNAI1,miR-101,ZEB2,miR-200c,TGF-beta,GSC,TWIST1",N,7
1873,"SNAI1,miR-101,ZEB2,miR-200c,TGF-beta,GSC",P,6
1874,"SNAI1,miR-101,ZEB2,miR-200c,ZEB1,miR-200a,TGF-beta,SNAI2,TWIST2,TWIST1",N,10
1875,"SNAI1,miR-101,ZEB2,miR-200c,ZEB1,miR-200a,TGF-beta,SNAI2,TWIST2",P,9
1876,"SNAI1,miR-101,ZEB2,miR-200c,ZEB1,miR-200a,TGF-beta",N,7
1877,"SNAI1,miR-101,ZEB2,miR-200c,ZEB1,miR-200a,TGF-beta,GSC,TWIST1,SNAI2,TWIST2",N,11
1878,"SNAI1,miR-101,ZEB2,miR-200c,ZEB1,miR-200a,TGF-beta,GSC,TWIST1",P,9
1879,"SNAI1,miR-101,ZEB2,miR-200c,ZEB1,miR-200a,TGF-beta,GSC",N,8
1880,"SNAI1,miR-101,ZEB2,miR-200c,ZEB1,miR-200b,TGF-beta,SNAI2,TWIST2,TWIST1",P,10
1881,"SNAI1,miR-101,ZEB2,miR-200c,ZEB1,miR-200b,TGF-beta,SNAI2,TWIST2",N,9
1882,"SNAI1,miR-101,ZEB2,miR-200c,ZEB1,miR-200b,TGF-beta",P,7
1883,"SNAI1,miR-101,ZEB2,miR-200c,ZEB1,miR-200b,TGF-beta,GSC,TWIST1,SNAI2,TWIST2",P,11
1884,"SNAI1,miR-101,ZEB2,miR-200c,ZEB1,miR-200b,TGF-beta,GSC,TWIST1",N,9
1885,"SNAI1,miR-101,ZEB2,miR-200c,ZEB1,miR-200b,TGF-beta,GSC",P,8
1886,"SNAI1,miR-101,ZEB2,miR-200c,ZEB1,miR-141,TGF-beta,SNAI2,TWIST2,TWIST1",N,10
1887,"SNAI1,miR-101,ZEB2,miR-200c,ZEB1,miR-141,TGF-beta,SNAI2,TWIST2",P,9
1888,"SNAI1,miR-101,ZEB2,miR-200c,ZEB1,miR-141,TGF-beta",N,7
1889,"SNAI1,miR-101,ZEB2,miR-200c,ZEB1,miR-141,TGF-beta,GSC,TWIST1,SNAI2,TWIST2",N,11
1890,"SNAI1,miR-101,ZEB2,miR-200c,ZEB1,miR-141,TGF-beta,GSC,TWIST1",P,9
1891,"SNAI1,miR-101,ZEB2,miR-200c,ZEB1,miR-141,TGF-beta,GSC",N,8
1892,"SNAI1,miR-101,ZEB2,miR-200b,TGF-beta,SNAI2,TWIST2,TWIST1",P,8
1893,"SNAI1,miR-101,ZEB2,miR-200b,TGF-beta,SNAI2,TWIST2",N,7
1894,"SNAI1,miR-101,ZEB2,miR-200b,TGF-beta",P,5
1895,"SNAI1,miR-101,ZEB2,miR-200b,TGF-beta,GSC,TWIST1,SNAI2,TWIST2",P,9
1896,"SNAI1,miR-101,ZEB2,miR-200b,TGF-beta,GSC,TWIST1",N,7
1897,"SNAI1,miR-101,ZEB2,miR-200b,TGF-beta,GSC",P,6
1898,"SNAI1,miR-101,ZEB2,miR-200b,ZEB1,miR-200a,TGF-beta,SNAI2,TWIST2,TWIST1",P,10
1899,"SNAI1,miR-101,ZEB2,miR-200b,ZEB1,miR-200a,TGF-beta,SNAI2,TWIST2",N,9
1900,"SNAI1,miR-101,ZEB2,miR-200b,ZEB1,miR-200a,TGF-beta",P,7
1901,"SNAI1,miR-101,ZEB2,miR-200b,ZEB1,miR-200a,TGF-beta,GSC,TWIST1,SNAI2,TWIST2",P,11
1902,"SNAI1,miR-101,ZEB2,miR-200b,ZEB1,miR-200a,TGF-beta,GSC,TWIST1",N,9
1903,"SNAI1,miR-101,ZEB2,miR-200b,ZEB1,miR-200a,TGF-beta,GSC",P,8
1904,"SNAI1,miR-101,ZEB2,miR-200b,ZEB1,miR-200c,TGF-beta,SNAI2,TWIST2,TWIST1",P,10
1905,"SNAI1,miR-101,ZEB2,miR-200b,ZEB1,miR-200c,TGF-beta,SNAI2,TWIST2",N,9
1906,"SNAI1,miR-101,ZEB2,miR-200b,ZEB1,miR-200c,TGF-beta",P,7
1907,"SNAI1,miR-101,ZEB2,miR-200b,ZEB1,miR-200c,TGF-beta,GSC,TWIST1,SNAI2,TWIST2",P,11
1908,"SNAI1,miR-101,ZEB2,miR-200b,ZEB1,miR-200c,TGF-beta,GSC,TWIST1",N,9
1909,"SNAI1,miR-101,ZEB2,miR-200b,ZEB1,miR-200c,TGF-beta,GSC",P,8
1910,"SNAI1,miR-101,ZEB2,miR-200b,ZEB1,miR-141,TGF-beta,SNAI2,TWIST2,TWIST1",P,10
1911,"SNAI1,miR-101,ZEB2,miR-200b,ZEB1,miR-141,TGF-beta,SNAI2,TWIST2",N,9
1912,"SNAI1,miR-101,ZEB2,miR-200b,ZEB1,miR-141,TGF-beta",P,7
1913,"SNAI1,miR-101,ZEB2,miR-200b,ZEB1,miR-141,TGF-beta,GSC,TWIST1,SNAI2,TWIST2",P,11
1914,"SNAI1,miR-101,ZEB2,miR-200b,ZEB1,miR-141,TGF-beta,GSC,TWIST1",N,9
1915,"SNAI1,miR-101,ZEB2,miR-200b,ZEB1,miR-141,TGF-beta,GSC",P,8
1916,"SNAI1,miR-101,ZEB1,miR-200a,TGF-beta,SNAI2,TWIST2,TWIST1",P,8
1917,"SNAI1,miR-101,ZEB1,miR-200a,TGF-beta,SNAI2,TWIST2",N,7
1918,"SNAI1,miR-101,ZEB1,miR-200a,TGF-beta",P,5
1919,"SNAI1,miR-101,ZEB1,miR-200a,TGF-beta,GSC,TWIST1,SNAI2,TWIST2",P,9
1920,"SNAI1,miR-101,ZEB1,miR-200a,TGF-beta,GSC,TWIST1",N,7
1921,"SNAI1,miR-101,ZEB1,miR-200a,TGF-beta,GSC",P,6
1922,"SNAI1,miR-101,ZEB1,miR-200a,ZEB2,miR-200c,TGF-beta,SNAI2,TWIST2,TWIST1",N,10
1923,"SNAI1,miR-101,ZEB1,miR-200a,ZEB2,miR-200c,TGF-beta,SNAI2,TWIST2",P,9
1924,"SNAI1,miR-101,ZEB1,miR-200a,ZEB2,miR-200c,TGF-beta",N,7
1925,"SNAI1,miR-101,ZEB1,miR-200a,ZEB2,miR-200c,TGF-beta,GSC,TWIST1,SNAI2,TWIST2",N,11
1926,"SNAI1,miR-101,ZEB1,miR-200a,ZEB2,miR-200c,TGF-beta,GSC,TWIST1",P,9
1927,"SNAI1,miR-101,ZEB1,miR-200a,ZEB2,miR-200c,TGF-beta,GSC",N,8
1928,"SNAI1,miR-101,ZEB1,miR-200a,ZEB2,miR-200b,TGF-beta,SNAI2,TWIST2,TWIST1",N,10
1929,"SNAI1,miR-101,ZEB1,miR-200a,ZEB2,miR-200b,TGF-beta,SNAI2,TWIST2",P,9
1930,"SNAI1,miR-101,ZEB1,miR-200a,ZEB2,miR-200b,TGF-beta",N,7
1931,"SNAI1,miR-101,ZEB1,miR-200a,ZEB2,miR-200b,TGF-beta,GSC,TWIST1,SNAI2,TWIST2",N,11
1932,"SNAI1,miR-101,ZEB1,miR-200a,ZEB2,miR-200b,TGF-beta,GSC,TWIST1",P,9
1933,"SNAI1,miR-101,ZEB1,miR-200a,ZEB2,miR-200b,TGF-beta,GSC",N,8
1934,"SNAI1,miR-101,ZEB1,miR-200c,TGF-beta,SNAI2,TWIST2,TWIST1",P,8
1935,"SNAI1,miR-101,ZEB1,miR-200c,TGF-beta,SNAI2,TWIST2",N,7
1936,"SNAI1,miR-101,ZEB1,miR-200c,TGF-beta",P,5
1937,"SNAI1,miR-101,ZEB1,miR-200c,TGF-beta,GSC,TWIST1,SNAI2,TWIST2",P,9
1938,"SNAI1,miR-101,ZEB1,miR-200c,TGF-beta,GSC,TWIST1",N,7
1939,"SNAI1,miR-101,ZEB1,miR-200c,TGF-beta,GSC",P,6
1940,"SNAI1,miR-101,ZEB1,miR-200c,ZEB2,miR-200a,TGF-beta,SNAI2,TWIST2,TWIST1",N,10
1941,"SNAI1,miR-101,ZEB1,miR-200c,ZEB2,miR-200a,TGF-beta,SNAI2,TWIST2",P,9
1942,"SNAI1,miR-101,ZEB1,miR-200c,ZEB2,miR-200a,TGF-beta",N,7
1943,"SNAI1,miR-101,ZEB1,miR-200c,ZEB2,miR-200a,TGF-beta,GSC,TWIST1,SNAI2,TWIST2",N,11
1944,"SNAI1,miR-101,ZEB1,miR-200c,ZEB2,miR-200a,TGF-beta,GSC,TWIST1",P,9
1945,"SNAI1,miR-101,ZEB1,miR-200c,ZEB2,miR-200a,TGF-beta,GSC",N,8
1946,"SNAI1,miR-101,ZEB1,miR-200c,ZEB2,miR-200b,TGF-beta,SNAI2,TWIST2,TWIST1",N,10
1947,"SNAI1,miR-101,ZEB1,miR-200c,ZEB2,miR-200b,TGF-beta,SNAI2,TWIST2",P,9
1948,"SNAI1,miR-101,ZEB1,miR-200c,ZEB2,miR-200b,TGF-beta",N,7
1949,"SNAI1,miR-101,ZEB1,miR-200c,ZEB2,miR-200b,TGF-beta,GSC,TWIST1,SNAI2,TWIST2",N,11
1950,"SNAI1,miR-101,ZEB1,miR-200c,ZEB2,miR-200b,TGF-beta,GSC,TWIST1",P,9
1951,"SNAI1,miR-101,ZEB1,miR-200c,ZEB2,miR-200b,TGF-beta,GSC",N,8
1952,"SNAI1,miR-101,ZEB1,miR-200b,TGF-beta,SNAI2,TWIST2,TWIST1",N,8
1953,"SNAI1,miR-101,ZEB1,miR-200b,TGF-beta,SNAI2,TWIST2",P,7
1954,"SNAI1,miR-101,ZEB1,miR-200b,TGF-beta",N,5
1955,"SNAI1,miR-101,ZEB1,miR-200b,TGF-beta,GSC,TWIST1,SNAI2,TWIST2",N,9
1956,"SNAI1,miR-101,ZEB1,miR-200b,TGF-beta,GSC,TWIST1",P,7
1957,"SNAI1,miR-101,ZEB1,miR-200b,TGF-beta,GSC",N,6
1958,"SNAI1,miR-101,ZEB1,miR-200b,ZEB2,miR-200a,TGF-beta,SNAI2,TWIST2,TWIST1",P,10
1959,"SNAI1,miR-101,ZEB1,miR-200b,ZEB2,miR-200a,TGF-beta,SNAI2,TWIST2",N,9
1960,"SNAI1,miR-101,ZEB1,miR-200b,ZEB2,miR-200a,TGF-beta",P,7
1961,"SNAI1,miR-101,ZEB1,miR-200b,ZEB2,miR-200a,TGF-beta,GSC,TWIST1,SNAI2,TWIST2",P,11
1962,"SNAI1,miR-101,ZEB1,miR-200b,ZEB2,miR-200a,TGF-beta,GSC,TWIST1",N,9
1963,"SNAI1,miR-101,ZEB1,miR-200b,ZEB2,miR-200a,TGF-beta,GSC",P,8
1964,"SNAI1,miR-101,ZEB1,miR-200b,ZEB2,miR-200c,TGF-beta,SNAI2,TWIST2,TWIST1",P,10
1965,"SNAI1,miR-101,ZEB1,miR-200b,ZEB2,miR-200c,TGF-beta,SNAI2,TWIST2",N,9
1966,"SNAI1,miR-101,ZEB1,miR-200b,ZEB2,miR-200c,TGF-beta",P,7
1967,"SNAI1,miR-101,ZEB1,miR-200b,ZEB2,miR-200c,TGF-beta,GSC,TWIST1,SNAI2,TWIST2",P,11
1968,"SNAI1,miR-101,ZEB1,miR-200b,ZEB2,miR-200c,TGF-beta,GSC,TWIST1",N,9
1969,"SNAI1,miR-101,ZEB1,miR-200b,ZEB2,miR-200c,TGF-beta,GSC",P,8
1970,"SNAI1,miR-101,ZEB1,miR-141,TGF-beta,SNAI2,TWIST2,TWIST1",P,8
1971,"SNAI1,miR-101,ZEB1,miR-141,TGF-beta,SNAI2,TWIST2",N,7
1972,"SNAI1,miR-101,ZEB1,miR-141,TGF-beta",P,5
1973,"SNAI1,miR-101,ZEB1,miR-141,TGF-beta,GSC,TWIST1,SNAI2,TWIST2",P,9
1974,"SNAI1,miR-101,ZEB1,miR-141,TGF-beta,GSC,TWIST1",N,7
1975,"SNAI1,miR-101,ZEB1,miR-141,TGF-beta,GSC",P,6
1976,"SNAI1,miR-101,ZEB1,miR-141,ZEB2,miR-200a,TGF-beta,SNAI2,TWIST2,TWIST1",P,10
1977,"SNAI1,miR-101,ZEB1,miR-141,ZEB2,miR-200a,TGF-beta,SNAI2,TWIST2",N,9
1978,"SNAI1,miR-101,ZEB1,miR-141,ZEB2,miR-200a,TGF-beta",P,7
1979,"SNAI1,miR-101,ZEB1,miR-141,ZEB2,miR-200a,TGF-beta,GSC,TWIST1,SNAI2,TWIST2",P,11
1980,"SNAI1,miR-101,ZEB1,miR-141,ZEB2,miR-200a,TGF-beta,GSC,TWIST1",N,9
1981,"SNAI1,miR-101,ZEB1,miR-141,ZEB2,miR-200a,TGF-beta,GSC",P,8
1982,"SNAI1,miR-101,ZEB1,miR-141,ZEB2,miR-200c,TGF-beta,SNAI2,TWIST2,TWIST1",P,10
1983,"SNAI1,miR-101,ZEB1,miR-141,ZEB2,miR-200c,TGF-beta,SNAI2,TWIST2",N,9
1984,"SNAI1,miR-101,ZEB1,miR-141,ZEB2,miR-200c,TGF-beta",P,7
1985,"SNAI1,miR-101,ZEB1,miR-141,ZEB2,miR-200c,TGF-beta,GSC,TWIST1,SNAI2,TWIST2",P,11
1986,"SNAI1,miR-101,ZEB1,miR-141,ZEB2,miR-200c,TGF-beta,GSC,TWIST1",N,9
1987,"SNAI1,miR-101,ZEB1,miR-141,ZEB2,miR-200c,TGF-beta,GSC",P,8
1988,"SNAI1,miR-101,ZEB1,miR-141,ZEB2,miR-200b,TGF-beta,SNAI2,TWIST2,TWIST1",P,10
1989,"SNAI1,miR-101,ZEB1,miR-141,ZEB2,miR-200b,TGF-beta,SNAI2,TWIST2",N,9
1990,"SNAI1,miR-101,ZEB1,miR-141,ZEB2,miR-200b,TGF-beta",P,7
1991,"SNAI1,miR-101,ZEB1,miR-141,ZEB2,miR-200b,TGF-beta,GSC,TWIST1,SNAI2,TWIST2",P,11
1992,"SNAI1,miR-101,ZEB1,miR-141,ZEB2,miR-200b,TGF-beta,GSC,TWIST1",N,9
1993,"SNAI1,miR-101,ZEB1,miR-141,ZEB2,miR-200b,TGF-beta,GSC",P,8
1994,"SNAI1,ZEB2,miR-200a,TGF-beta,SNAI2,miR-101",N,6
1995,"SNAI1,ZEB2,miR-200a,TGF-beta,SNAI2,TWIST2,TWIST1",N,7
1996,"SNAI1,ZEB2,miR-200a,TGF-beta,SNAI2,TWIST2",P,6
1997,"SNAI1,ZEB2,miR-200a,TGF-beta",N,4
1998,"SNAI1,ZEB2,miR-200a,TGF-beta,GSC,TWIST1,SNAI2,miR-101",P,8
1999,"SNAI1,ZEB2,miR-200a,TGF-beta,GSC,TWIST1,SNAI2,TWIST2",N,8
2000,"SNAI1,ZEB2,miR-200a,TGF-beta,GSC,TWIST1",P,6
2001,"SNAI1,ZEB2,miR-200a,TGF-beta,GSC",N,5
2002,"SNAI1,ZEB2,miR-200a,ZEB1,miR-200c,TGF-beta,SNAI2,miR-101",P,8
2003,"SNAI1,ZEB2,miR-200a,ZEB1,miR-200c,TGF-beta,SNAI2,TWIST2,TWIST1",P,9
2004,"SNAI1,ZEB2,miR-200a,ZEB1,miR-200c,TGF-beta,SNAI2,TWIST2",N,8
2005,"SNAI1,ZEB2,miR-200a,ZEB1,miR-200c,TGF-beta",P,6
2006,"SNAI1,ZEB2,miR-200a,ZEB1,miR-200c,TGF-beta,GSC,TWIST1,SNAI2,miR-101",N,10
2007,"SNAI1,ZEB2,miR-200a,ZEB1,miR-200c,TGF-beta,GSC,TWIST1,SNAI2,TWIST2",P,10
2008,"SNAI1,ZEB2,miR-200a,ZEB1,miR-200c,TGF-beta,GSC,TWIST1",N,8
2009,"SNAI1,ZEB2,miR-200a,ZEB1,miR-200c,TGF-beta,GSC",P,7
2010,"SNAI1,ZEB2,miR-200a,ZEB1,miR-200b,TGF-beta,SNAI2,miR-101",N,8
2011,"SNAI1,ZEB2,miR-200a,ZEB1,miR-200b,TGF-beta,SNAI2,TWIST2,TWIST1",N,9
2012,"SNAI1,ZEB2,miR-200a,ZEB1,miR-200b,TGF-beta,SNAI2,TWIST2",P,8
2013,"SNAI1,ZEB2,miR-200a,ZEB1,miR-200b,TGF-beta",N,6
2014,"SNAI1,ZEB2,miR-200a,ZEB1,miR-200b,TGF-beta,GSC,TWIST1,SNAI2,miR-101",P,10
2015,"SNAI1,ZEB2,miR-200a,ZEB1,miR-200b,TGF-beta,GSC,TWIST1,SNAI2,TWIST2",N,10
2016,"SNAI1,ZEB2,miR-200a,ZEB1,miR-200b,TGF-beta,GSC,TWIST1",P,8
2017,"SNAI1,ZEB2,miR-200a,ZEB1,miR-200b,TGF-beta,GSC",N,7
2018,"SNAI1,ZEB2,miR-200a,ZEB1,miR-141,TGF-beta,SNAI2,miR-101",P,8
2019,"SNAI1,ZEB2,miR-200a,ZEB1,miR-141,TGF-beta,SNAI2,TWIST2,TWIST1",P,9
2020,"SNAI1,ZEB2,miR-200a,ZEB1,miR-141,TGF-beta,SNAI2,TWIST2",N,8
2021,"SNAI1,ZEB2,miR-200a,ZEB1,miR-141,TGF-beta",P,6
2022,"SNAI1,ZEB2,miR-200a,ZEB1,miR-141,TGF-beta,GSC,TWIST1,SNAI2,miR-101",N,10
2023,"SNAI1,ZEB2,miR-200a,ZEB1,miR-141,TGF-beta,GSC,TWIST1,SNAI2,TWIST2",P,10
2024,"SNAI1,ZEB2,miR-200a,ZEB1,miR-141,TGF-beta,GSC,TWIST1",N,8
2025,"SNAI1,ZEB2,miR-200a,ZEB1,miR-141,TGF-beta,GSC",P,7
2026,"SNAI1,ZEB2,miR-200c,TGF-beta,SNAI2,miR-101",N,6
2027,"SNAI1,ZEB2,miR-200c,TGF-beta,SNAI2,TWIST2,TWIST1",N,7
2028,"SNAI1,ZEB2,miR-200c,TGF-beta,SNAI2,TWIST2",P,6
2029,"SNAI1,ZEB2,miR-200c,TGF-beta",N,4
2030,"SNAI1,ZEB2,miR-200c,TGF-beta,GSC,TWIST1,SNAI2,miR-101",P,8
2031,"SNAI1,ZEB2,miR-200c,TGF-beta,GSC,TWIST1,SNAI2,TWIST2",N,8
2032,"SNAI1,ZEB2,miR-200c,TGF-beta,GSC,TWIST1",P,6
2033,"SNAI1,ZEB2,miR-200c,TGF-beta,GSC",N,5
2034,"SNAI1,ZEB2,miR-200c,ZEB1,miR-200a,TGF-beta,SNAI2,miR-101",P,8
2035,"SNAI1,ZEB2,miR-200c,ZEB1,miR-200a,TGF-beta,SNAI2,TWIST2,TWIST1",P,9
2036,"SNAI1,ZEB2,miR-200c,ZEB1,miR-200a,TGF-beta,SNAI2,TWIST2",N,8
2037,"SNAI1,ZEB2,miR-200c,ZEB1,miR-200a,TGF-beta",P,6
2038,"SNAI1,ZEB2,miR-200c,ZEB1,miR-200a,TGF-beta,GSC,TWIST1,SNAI2,miR-101",N,10
2039,"SNAI1,ZEB2,miR-200c,ZEB1,miR-200a,TGF-beta,GSC,TWIST1,SNAI2,TWIST2",P,10
2040,"SNAI1,ZEB2,miR-200c,ZEB1,miR-200a,TGF-beta,GSC,TWIST1",N,8
2041,"SNAI1,ZEB2,miR-200c,ZEB1,miR-200a,TGF-beta,GSC",P,7
2042,"SNAI1,ZEB2,miR-200c,ZEB1,miR-200b,TGF-beta,SNAI2,miR-101",N,8
2043,"SNAI1,ZEB2,miR-200c,ZEB1,miR-200b,TGF-beta,SNAI2,TWIST2,TWIST1",N,9
2044,"SNAI1,ZEB2,miR-200c,ZEB1,miR-200b,TGF-beta,SNAI2,TWIST2",P,8
2045,"SNAI1,ZEB2,miR-200c,ZEB1,miR-200b,TGF-beta",N,6
2046,"SNAI1,ZEB2,miR-200c,ZEB1,miR-200b,TGF-beta,GSC,TWIST1,SNAI2,miR-101",P,10
2047,"SNAI1,ZEB2,miR-200c,ZEB1,miR-200b,TGF-beta,GSC,TWIST1,SNAI2,TWIST2",N,10
2048,"SNAI1,ZEB2,miR-200c,ZEB1,miR-200b,TGF-beta,GSC,TWIST1",P,8
2049,"SNAI1,ZEB2,miR-200c,ZEB1,miR-200b,TGF-beta,GSC",N,7
2050,"SNAI1,ZEB2,miR-200c,ZEB1,miR-141,TGF-beta,SNAI2,miR-101",P,8
2051,"SNAI1,ZEB2,miR-200c,ZEB1,miR-141,TGF-beta,SNAI2,TWIST2,TWIST1",P,9
2052,"SNAI1,ZEB2,miR-200c,ZEB1,miR-141,TGF-beta,SNAI2,TWIST2",N,8
2053,"SNAI1,ZEB2,miR-200c,ZEB1,miR-141,TGF-beta",P,6
2054,"SNAI1,ZEB2,miR-200c,ZEB1,miR-141,TGF-beta,GSC,TWIST1,SNAI2,miR-101",N,10
2055,"SNAI1,ZEB2,miR-200c,ZEB1,miR-141,TGF-beta,GSC,TWIST1,SNAI2,TWIST2",P,10
2056,"SNAI1,ZEB2,miR-200c,ZEB1,miR-141,TGF-beta,GSC,TWIST1",N,8
2057,"SNAI1,ZEB2,miR-200c,ZEB1,miR-141,TGF-beta,GSC",P,7
2058,"SNAI1,ZEB2,miR-200b,TGF-beta,SNAI2,miR-101",N,6
2059,"SNAI1,ZEB2,miR-200b,TGF-beta,SNAI2,TWIST2,TWIST1",N,7
2060,"SNAI1,ZEB2,miR-200b,TGF-beta,SNAI2,TWIST2",P,6
2061,"SNAI1,ZEB2,miR-200b,TGF-beta",N,4
2062,"SNAI1,ZEB2,miR-200b,TGF-beta,GSC,TWIST1,SNAI2,miR-101",P,8
2063,"SNAI1,ZEB2,miR-200b,TGF-beta,GSC,TWIST1,SNAI2,TWIST2",N,8
2064,"SNAI1,ZEB2,miR-200b,TGF-beta,GSC,TWIST1",P,6
2065,"SNAI1,ZEB2,miR-200b,TGF-beta,GSC",N,5
2066,"SNAI1,ZEB2,miR-200b,ZEB1,miR-200a,TGF-beta,SNAI2,miR-101",N,8
2067,"SNAI1,ZEB2,miR-200b,ZEB1,miR-200a,TGF-beta,SNAI2,TWIST2,TWIST1",N,9
2068,"SNAI1,ZEB2,miR-200b,ZEB1,miR-200a,TGF-beta,SNAI2,TWIST2",P,8
2069,"SNAI1,ZEB2,miR-200b,ZEB1,miR-200a,TGF-beta",N,6
2070,"SNAI1,ZEB2,miR-200b,ZEB1,miR-200a,TGF-beta,GSC,TWIST1,SNAI2,miR-101",P,10
2071,"SNAI1,ZEB2,miR-200b,ZEB1,miR-200a,TGF-beta,GSC,TWIST1,SNAI2,TWIST2",N,10
2072,"SNAI1,ZEB2,miR-200b,ZEB1,miR-200a,TGF-beta,GSC,TWIST1",P,8
2073,"SNAI1,ZEB2,miR-200b,ZEB1,miR-200a,TGF-beta,GSC",N,7
2074,"SNAI1,ZEB2,miR-200b,ZEB1,miR-200c,TGF-beta,SNAI2,miR-101",N,8
2075,"SNAI1,ZEB2,miR-200b,ZEB1,miR-200c,TGF-beta,SNAI2,TWIST2,TWIST1",N,9
2076,"SNAI1,ZEB2,miR-200b,ZEB1,miR-200c,TGF-beta,SNAI2,TWIST2",P,8
2077,"SNAI1,ZEB2,miR-200b,ZEB1,miR-200c,TGF-beta",N,6
2078,"SNAI1,ZEB2,miR-200b,ZEB1,miR-200c,TGF-beta,GSC,TWIST1,SNAI2,miR-101",P,10
2079,"SNAI1,ZEB2,miR-200b,ZEB1,miR-200c,TGF-beta,GSC,TWIST1,SNAI2,TWIST2",N,10
2080,"SNAI1,ZEB2,miR-200b,ZEB1,miR-200c,TGF-beta,GSC,TWIST1",P,8
2081,"SNAI1,ZEB2,miR-200b,ZEB1,miR-200c,TGF-beta,GSC",N,7
2082,"SNAI1,ZEB2,miR-200b,ZEB1,miR-141,TGF-beta,SNAI2,miR-101",N,8
2083,"SNAI1,ZEB2,miR-200b,ZEB1,miR-141,TGF-beta,SNAI2,TWIST2,TWIST1",N,9
2084,"SNAI1,ZEB2,miR-200b,ZEB1,miR-141,TGF-beta,SNAI2,TWIST2",P,8
2085,"SNAI1,ZEB2,miR-200b,ZEB1,miR-141,TGF-beta",N,6
2086,"SNAI1,ZEB2,miR-200b,ZEB1,miR-141,TGF-beta,GSC,TWIST1,SNAI2,miR-101",P,10
2087,"SNAI1,ZEB2,miR-200b,ZEB1,miR-141,TGF-beta,GSC,TWIST1,SNAI2,TWIST2",N,10
2088,"SNAI1,ZEB2,miR-200b,ZEB1,miR-141,TGF-beta,GSC,TWIST1",P,8
2089,"SNAI1,ZEB2,miR-200b,ZEB1,miR-141,TGF-beta,GSC",N,7
2090,"SNAI1,ZEB1,miR-200a,TGF-beta,SNAI2,miR-101",P,6
2091,"SNAI1,ZEB1,miR-200a,TGF-beta,SNAI2,TWIST2,TWIST1",P,7
2092,"SNAI1,ZEB1,miR-200a,TGF-beta,SNAI2,TWIST2",N,6
2093,"SNAI1,ZEB1,miR-200a,TGF-beta",P,4
2094,"SNAI1,ZEB1,miR-200a,TGF-beta,GSC,TWIST1,SNAI2,miR-101",N,8
2095,"SNAI1,ZEB1,miR-200a,TGF-beta,GSC,TWIST1,SNAI2,TWIST2",P,8
2096,"SNAI1,ZEB1,miR-200a,TGF-beta,GSC,TWIST1",N,6
2097,"SNAI1,ZEB1,miR-200a,TGF-beta,GSC",P,5
2098,"SNAI1,ZEB1,miR-200a,ZEB2,miR-200c,TGF-beta,SNAI2,miR-101",N,8
2099,"SNAI1,ZEB1,miR-200a,ZEB2,miR-200c,TGF-beta,SNAI2,TWIST2,TWIST1",N,9
2100,"SNAI1,ZEB1,miR-200a,ZEB2,miR-200c,TGF-beta,SNAI2,TWIST2",P,8
2101,"SNAI1,ZEB1,miR-200a,ZEB2,miR-200c,TGF-beta",N,6
2102,"SNAI1,ZEB1,miR-200a,ZEB2,miR-200c,TGF-beta,GSC,TWIST1,SNAI2,miR-101",P,10
2103,"SNAI1,ZEB1,miR-200a,ZEB2,miR-200c,TGF-beta,GSC,TWIST1,SNAI2,TWIST2",N,10
2104,"SNAI1,ZEB1,miR-200a,ZEB2,miR-200c,TGF-beta,GSC,TWIST1",P,8
2105,"SNAI1,ZEB1,miR-200a,ZEB2,miR-200c,TGF-beta,GSC",N,7
2106,"SNAI1,ZEB1,miR-200a,ZEB2,miR-200b,TGF-beta,SNAI2,miR-101",N,8
2107,"SNAI1,ZEB1,miR-200a,ZEB2,miR-200b,TGF-beta,SNAI2,TWIST2,TWIST1",N,9
2108,"SNAI1,ZEB1,miR-200a,ZEB2,miR-200b,TGF-beta,SNAI2,TWIST2",P,8
2109,"SNAI1,ZEB1,miR-200a,ZEB2,miR-200b,TGF-beta",N,6
2110,"SNAI1,ZEB1,miR-200a,ZEB2,miR-200b,TGF-beta,GSC,TWIST1,SNAI2,miR-101",P,10
2111,"SNAI1,ZEB1,miR-200a,ZEB2,miR-200b,TGF-beta,GSC,TWIST1,SNAI2,TWIST2",N,10
2112,"SNAI1,ZEB1,miR-200a,ZEB2,miR-200b,TGF-beta,GSC,TWIST1",P,8
2113,"SNAI1,ZEB1,miR-200a,ZEB2,miR-200b,TGF-beta,GSC",N,7
2114,"SNAI1,ZEB1,miR-200c,TGF-beta,SNAI2,miR-101",P,6
2115,"SNAI1,ZEB1,miR-200c,TGF-beta,SNAI2,TWIST2,TWIST1",P,7
2116,"SNAI1,ZEB1,miR-200c,TGF-beta,SNAI2,TWIST2",N,6
2117,"SNAI1,ZEB1,miR-200c,TGF-beta",P,4
2118,"SNAI1,ZEB1,miR-200c,TGF-beta,GSC,TWIST1,SNAI2,miR-101",N,8
2119,"SNAI1,ZEB1,miR-200c,TGF-beta,GSC,TWIST1,SNAI2,TWIST2",P,8
2120,"SNAI1,ZEB1,miR-200c,TGF-beta,GSC,TWIST1",N,6
2121,"SNAI1,ZEB1,miR-200c,TGF-beta,GSC",P,5
2122,"SNAI1,ZEB1,miR-200c,ZEB2,miR-200a,TGF-beta,SNAI2,miR-101",N,8
2123,"SNAI1,ZEB1,miR-200c,ZEB2,miR-200a,TGF-beta,SNAI2,TWIST2,TWIST1",N,9
2124,"SNAI1,ZEB1,miR-200c,ZEB2,miR-200a,TGF-beta,SNAI2,TWIST2",P,8
2125,"SNAI1,ZEB1,miR-200c,ZEB2,miR-200a,TGF-beta",N,6
2126,"SNAI1,ZEB1,miR-200c,ZEB2,miR-200a,TGF-beta,GSC,TWIST1,SNAI2,miR-101",P,10
2127,"SNAI1,ZEB1,miR-200c,ZEB2,miR-200a,TGF-beta,GSC,TWIST1,SNAI2,TWIST2",N,10
2128,"SNAI1,ZEB1,miR-200c,ZEB2,miR-200a,TGF-beta,GSC,TWIST1",P,8
2129,"SNAI1,ZEB1,miR-200c,ZEB2,miR-200a,TGF-beta,GSC",N,7
2130,"SNAI1,ZEB1,miR-200c,ZEB2,miR-200b,TGF-beta,SNAI2,miR-101",N,8
2131,"SNAI1,ZEB1,miR-200c,ZEB2,miR-200b,TGF-beta,SNAI2,TWIST2,TWIST1",N,9
2132,"SNAI1,ZEB1,miR-200c,ZEB2,miR-200b,TGF-beta,SNAI2,TWIST2",P,8
2133,"SNAI1,ZEB1,miR-200c,ZEB2,miR-200b,TGF-beta",N,6
2134,"SNAI1,ZEB1,miR-200c,ZEB2,miR-200b,TGF-beta,GSC,TWIST1,SNAI2,miR-101",P,10
2135,"SNAI1,ZEB1,miR-200c,ZEB2,miR-200b,TGF-beta,GSC,TWIST1,SNAI2,TWIST2",N,10
2136,"SNAI1,ZEB1,miR-200c,ZEB2,miR-200b,TGF-beta,GSC,TWIST1",P,8
2137,"SNAI1,ZEB1,miR-200c,ZEB2,miR-200b,TGF-beta,GSC",N,7
2138,"SNAI1,ZEB1,miR-200b,TGF-beta,SNAI2,miR-101",N,6
2139,"SNAI1,ZEB1,miR-200b,TGF-beta,SNAI2,TWIST2,TWIST1",N,7
2140,"SNAI1,ZEB1,miR-200b,TGF-beta,SNAI2,TWIST2",P,6
2141,"SNAI1,ZEB1,miR-200b,TGF-beta",N,4
2142,"SNAI1,ZEB1,miR-200b,TGF-beta,GSC,TWIST1,SNAI2,miR-101",P,8
2143,"SNAI1,ZEB1,miR-200b,TGF-beta,GSC,TWIST1,SNAI2,TWIST2",N,8
2144,"SNAI1,ZEB1,miR-200b,TGF-beta,GSC,TWIST1",P,6
2145,"SNAI1,ZEB1,miR-200b,TGF-beta,GSC",N,5
2146,"SNAI1,ZEB1,miR-200b,ZEB2,miR-200a,TGF-beta,SNAI2,miR-101",P,8
2147,"SNAI1,ZEB1,miR-200b,ZEB2,miR-200a,TGF-beta,SNAI2,TWIST2,TWIST1",P,9
2148,"SNAI1,ZEB1,miR-200b,ZEB2,miR-200a,TGF-beta,SNAI2,TWIST2",N,8
2149,"SNAI1,ZEB1,miR-200b,ZEB2,miR-200a,TGF-beta",P,6
2150,"SNAI1,ZEB1,miR-200b,ZEB2,miR-200a,TGF-beta,GSC,TWIST1,SNAI2,miR-101",N,10
2151,"SNAI1,ZEB1,miR-200b,ZEB2,miR-200a,TGF-beta,GSC,TWIST1,SNAI2,TWIST2",P,10
2152,"SNAI1,ZEB1,miR-200b,ZEB2,miR-200a,TGF-beta,GSC,TWIST1",N,8
2153,"SNAI1,ZEB1,miR-200b,ZEB2,miR-200a,TGF-beta,GSC",P,7
2154,"SNAI1,ZEB1,miR-200b,ZEB2,miR-200c,TGF-beta,SNAI2,miR-101",P,8
2155,"SNAI1,ZEB1,miR-200b,ZEB2,miR-200c,TGF-beta,SNAI2,TWIST2,TWIST1",P,9
2156,"SNAI1,ZEB1,miR-200b,ZEB2,miR-200c,TGF-beta,SNAI2,TWIST2",N,8
2157,"SNAI1,ZEB1,miR-200b,ZEB2,miR-200c,TGF-beta",P,6
2158,"SNAI1,ZEB1,miR-200b,ZEB2,miR-200c,TGF-beta,GSC,TWIST1,SNAI2,miR-101",N,10
2159,"SNAI1,ZEB1,miR-200b,ZEB2,miR-200c,TGF-beta,GSC,TWIST1,SNAI2,TWIST2",P,10
2160,"SNAI1,ZEB1,miR-200b,ZEB2,miR-200c,TGF-beta,GSC,TWIST1",N,8
2161,"SNAI1,ZEB1,miR-200b,ZEB2,miR-200c,TGF-beta,GSC",P,7
2162,"SNAI1,ZEB1,miR-141,TGF-beta,SNAI2,miR-101",P,6
2163,"SNAI1,ZEB1,miR-141,TGF-beta,SNAI2,TWIST2,TWIST1",P,7
2164,"SNAI1,ZEB1,miR-141,TGF-beta,SNAI2,TWIST2",N,6
2165,"SNAI1,ZEB1,miR-141,TGF-beta",P,4
2166,"SNAI1,ZEB1,miR-141,TGF-beta,GSC,TWIST1,SNAI2,miR-101",N,8
2167,"SNAI1,ZEB1,miR-141,TGF-beta,GSC,TWIST1,SNAI2,TWIST2",P,8
2168,"SNAI1,ZEB1,miR-141,TGF-beta,GSC,TWIST1",N,6
2169,"SNAI1,ZEB1,miR-141,TGF-beta,GSC",P,5
2170,"SNAI1,ZEB1,miR-141,ZEB2,miR-200a,TGF-beta,SNAI2,miR-101",P,8
2171,"SNAI1,ZEB1,miR-141,ZEB2,miR-200a,TGF-beta,SNAI2,TWIST2,TWIST1",P,9
2172,"SNAI1,ZEB1,miR-141,ZEB2,miR-200a,TGF-beta,SNAI2,TWIST2",N,8
2173,"SNAI1,ZEB1,miR-141,ZEB2,miR-200a,TGF-beta",P,6
2174,"SNAI1,ZEB1,miR-141,ZEB2,miR-200a,TGF-beta,GSC,TWIST1,SNAI2,miR-101",N,10
2175,"SNAI1,ZEB1,miR-141,ZEB2,miR-200a,TGF-beta,GSC,TWIST1,SNAI2,TWIST2",P,10
2176,"SNAI1,ZEB1,miR-141,ZEB2,miR-200a,TGF-beta,GSC,TWIST1",N,8
2177,"SNAI1,ZEB1,miR-141,ZEB2,miR-200a,TGF-beta,GSC",P,7
2178,"SNAI1,ZEB1,miR-141,ZEB2,miR-200c,TGF-beta,SNAI2,miR-101",P,8
2179,"SNAI1,ZEB1,miR-141,ZEB2,miR-200c,TGF-beta,SNAI2,TWIST2,TWIST1",P,9
2180,"SNAI1,ZEB1,miR-141,ZEB2,miR-200c,TGF-beta,SNAI2,TWIST2",N,8
2181,"SNAI1,ZEB1,miR-141,ZEB2,miR-200c,TGF-beta",P,6
2182,"SNAI1,ZEB1,miR-141,ZEB2,miR-200c,TGF-beta,GSC,TWIST1,SNAI2,miR-101",N,10
2183,"SNAI1,ZEB1,miR-141,ZEB2,miR-200c,TGF-beta,GSC,TWIST1,SNAI2,TWIST2",P,10
2184,"SNAI1,ZEB1,miR-141,ZEB2,miR-200c,TGF-beta,GSC,TWIST1",N,8
2185,"SNAI1,ZEB1,miR-141,ZEB2,miR-200c,TGF-beta,GSC",P,7
2186,"SNAI1,ZEB1,miR-141,ZEB2,miR-200b,TGF-beta,SNAI2,miR-101",P,8
2187,"SNAI1,ZEB1,miR-141,ZEB2,miR-200b,TGF-beta,SNAI2,TWIST2,TWIST1",P,9
2188,"SNAI1,ZEB1,miR-141,ZEB2,miR-200b,TGF-beta,SNAI2,TWIST2",N,8
2189,"SNAI1,ZEB1,miR-141,ZEB2,miR-200b,TGF-beta",P,6
2190,"SNAI1,ZEB1,miR-141,ZEB2,miR-200b,TGF-beta,GSC,TWIST1,SNAI2,miR-101",N,10
2191,"SNAI1,ZEB1,miR-141,ZEB2,miR-200b,TGF-beta,GSC,TWIST1,SNAI2,TWIST2",P,10
2192,"SNAI1,ZEB1,miR-141,ZEB2,miR-200b,TGF-beta,GSC,TWIST1",N,8
2193,"SNAI1,ZEB1,miR-141,ZEB2,miR-200b,TGF-beta,GSC",P,7
2194,"SNAI1,TWIST1,ZEB2,miR-200a,TGF-beta,SNAI2,miR-101",P,7
2195,"SNAI1,TWIST1,ZEB2,miR-200a,TGF-beta,SNAI2,TWIST2",N,7
2196,"SNAI1,TWIST1,ZEB2,miR-200a,TGF-beta",P,5
2197,"SNAI1,TWIST1,ZEB2,miR-200a,TGF-beta,GSC",P,6
2198,"SNAI1,TWIST1,ZEB2,miR-200a,ZEB1,miR-200c,TGF-beta,SNAI2,miR-101",N,9
2199,"SNAI1,TWIST1,ZEB2,miR-200a,ZEB1,miR-200c,TGF-beta,SNAI2,TWIST2",P,9
2200,"SNAI1,TWIST1,ZEB2,miR-200a,ZEB1,miR-200c,TGF-beta",N,7
2201,"SNAI1,TWIST1,ZEB2,miR-200a,ZEB1,miR-200c,TGF-beta,GSC",N,8
2202,"SNAI1,TWIST1,ZEB2,miR-200a,ZEB1,miR-200b,TGF-beta,SNAI2,miR-101",P,9
2203,"SNAI1,TWIST1,ZEB2,miR-200a,ZEB1,miR-200b,TGF-beta,SNAI2,TWIST2",N,9
2204,"SNAI1,TWIST1,ZEB2,miR-200a,ZEB1,miR-200b,TGF-beta",P,7
2205,"SNAI1,TWIST1,ZEB2,miR-200a,ZEB1,miR-200b,TGF-beta,GSC",P,8
2206,"SNAI1,TWIST1,ZEB2,miR-200a,ZEB1,miR-141,TGF-beta,SNAI2,miR-101",N,9
2207,"SNAI1,TWIST1,ZEB2,miR-200a,ZEB1,miR-141,TGF-beta,SNAI2,TWIST2",P,9
2208,"SNAI1,TWIST1,ZEB2,miR-200a,ZEB1,miR-141,TGF-beta",N,7
2209,"SNAI1,TWIST1,ZEB2,miR-200a,ZEB1,miR-141,TGF-beta,GSC",N,8
2210,"SNAI1,TWIST1,ZEB2,miR-200c,TGF-beta,SNAI2,miR-101",P,7
2211,"SNAI1,TWIST1,ZEB2,miR-200c,TGF-beta,SNAI2,TWIST2",N,7
2212,"SNAI1,TWIST1,ZEB2,miR-200c,TGF-beta",P,5
2213,"SNAI1,TWIST1,ZEB2,miR-200c,TGF-beta,GSC",P,6
2214,"SNAI1,TWIST1,ZEB2,miR-200c,ZEB1,miR-200a,TGF-beta,SNAI2,miR-101",N,9
2215,"SNAI1,TWIST1,ZEB2,miR-200c,ZEB1,miR-200a,TGF-beta,SNAI2,TWIST2",P,9
2216,"SNAI1,TWIST1,ZEB2,miR-200c,ZEB1,miR-200a,TGF-beta",N,7
2217,"SNAI1,TWIST1,ZEB2,miR-200c,ZEB1,miR-200a,TGF-beta,GSC",N,8
2218,"SNAI1,TWIST1,ZEB2,miR-200c,ZEB1,miR-200b,TGF-beta,SNAI2,miR-101",P,9
2219,"SNAI1,TWIST1,ZEB2,miR-200c,ZEB1,miR-200b,TGF-beta,SNAI2,TWIST2",N,9
2220,"SNAI1,TWIST1,ZEB2,miR-200c,ZEB1,miR-200b,TGF-beta",P,7
2221,"SNAI1,TWIST1,ZEB2,miR-200c,ZEB1,miR-200b,TGF-beta,GSC",P,8
2222,"SNAI1,TWIST1,ZEB2,miR-200c,ZEB1,miR-141,TGF-beta,SNAI2,miR-101",N,9
2223,"SNAI1,TWIST1,ZEB2,miR-200c,ZEB1,miR-141,TGF-beta,SNAI2,TWIST2",P,9
2224,"SNAI1,TWIST1,ZEB2,miR-200c,ZEB1,miR-141,TGF-beta",N,7
2225,"SNAI1,TWIST1,ZEB2,miR-200c,ZEB1,miR-141,TGF-beta,GSC",N,8
2226,"SNAI1,TWIST1,ZEB2,miR-200b,TGF-beta,SNAI2,miR-101",P,7
2227,"SNAI1,TWIST1,ZEB2,miR-200b,TGF-beta,SNAI2,TWIST2",N,7
2228,"SNAI1,TWIST1,ZEB2,miR-200b,TGF-beta",P,5
2229,"SNAI1,TWIST1,ZEB2,miR-200b,TGF-beta,GSC",P,6
2230,"SNAI1,TWIST1,ZEB2,miR-200b,ZEB1,miR-200a,TGF-beta,SNAI2,miR-101",P,9
2231,"SNAI1,TWIST1,ZEB2,miR-200b,ZEB1,miR-200a,TGF-beta,SNAI2,TWIST2",N,9
2232,"SNAI1,TWIST1,ZEB2,miR-200b,ZEB1,miR-200a,TGF-beta",P,7
2233,"SNAI1,TWIST1,ZEB2,miR-200b,ZEB1,miR-200a,TGF-beta,GSC",P,8
2234,"SNAI1,TWIST1,ZEB2,miR-200b,ZEB1,miR-200c,TGF-beta,SNAI2,miR-101",P,9
2235,"SNAI1,TWIST1,ZEB2,miR-200b,ZEB1,miR-200c,TGF-beta,SNAI2,TWIST2",N,9
2236,"SNAI1,TWIST1,ZEB2,miR-200b,ZEB1,miR-200c,TGF-beta",P,7
2237,"SNAI1,TWIST1,ZEB2,miR-200b,ZEB1,miR-200c,TGF-beta,GSC",P,8
2238,"SNAI1,TWIST1,ZEB2,miR-200b,ZEB1,miR-141,TGF-beta,SNAI2,miR-101",P,9
2239,"SNAI1,TWIST1,ZEB2,miR-200b,ZEB1,miR-141,TGF-beta,SNAI2,TWIST2",N,9
2240,"SNAI1,TWIST1,ZEB2,miR-200b,ZEB1,miR-141,TGF-beta",P,7
2241,"SNAI1,TWIST1,ZEB2,miR-200b,ZEB1,miR-141,TGF-beta,GSC",P,8
2242,"SNAI1,TWIST1,ZEB1,miR-200a,TGF-beta,SNAI2,miR-101",N,7
2243,"SNAI1,TWIST1,ZEB1,miR-200a,TGF-beta,SNAI2,TWIST2",P,7
2244,"SNAI1,TWIST1,ZEB1,miR-200a,TGF-beta",N,5
2245,"SNAI1,TWIST1,ZEB1,miR-200a,TGF-beta,GSC",N,6
2246,"SNAI1,TWIST1,ZEB1,miR-200a,ZEB2,miR-200c,TGF-beta,SNAI2,miR-101",P,9
2247,"SNAI1,TWIST1,ZEB1,miR-200a,ZEB2,miR-200c,TGF-beta,SNAI2,TWIST2",N,9
2248,"SNAI1,TWIST1,ZEB1,miR-200a,ZEB2,miR-200c,TGF-beta",P,7
2249,"SNAI1,TWIST1,ZEB1,miR-200a,ZEB2,miR-200c,TGF-beta,GSC",P,8
2250,"SNAI1,TWIST1,ZEB1,miR-200a,ZEB2,miR-200b,TGF-beta,SNAI2,miR-101",P,9
2251,"SNAI1,TWIST1,ZEB1,miR-200a,ZEB2,miR-200b,TGF-beta,SNAI2,TWIST2",N,9
2252,"SNAI1,TWIST1,ZEB1,miR-200a,ZEB2,miR-200b,TGF-beta",P,7
2253,"SNAI1,TWIST1,ZEB1,miR-200a,ZEB2,miR-200b,TGF-beta,GSC",P,8
2254,"SNAI1,TWIST1,ZEB1,miR-200c,TGF-beta,SNAI2,miR-101",N,7
2255,"SNAI1,TWIST1,ZEB1,miR-200c,TGF-beta,SNAI2,TWIST2",P,7
2256,"SNAI1,TWIST1,ZEB1,miR-200c,TGF-beta",N,5
2257,"SNAI1,TWIST1,ZEB1,miR-200c,TGF-beta,GSC",N,6
2258,"SNAI1,TWIST1,ZEB1,miR-200c,ZEB2,miR-200a,TGF-beta,SNAI2,miR-101",P,9
2259,"SNAI1,TWIST1,ZEB1,miR-200c,ZEB2,miR-200a,TGF-beta,SNAI2,TWIST2",N,9
2260,"SNAI1,TWIST1,ZEB1,miR-200c,ZEB2,miR-200a,TGF-beta",P,7
2261,"SNAI1,TWIST1,ZEB1,miR-200c,ZEB2,miR-200a,TGF-beta,GSC",P,8
2262,"SNAI1,TWIST1,ZEB1,miR-200c,ZEB2,miR-200b,TGF-beta,SNAI2,miR-101",P,9
2263,"SNAI1,TWIST1,ZEB1,miR-200c,ZEB2,miR-200b,TGF-beta,SNAI2,TWIST2",N,9
2264,"SNAI1,TWIST1,ZEB1,miR-200c,ZEB2,miR-200b,TGF-beta",P,7
2265,"SNAI1,TWIST1,ZEB1,miR-200c,ZEB2,miR-200b,TGF-beta,GSC",P,8
2266,"SNAI1,TWIST1,ZEB1,miR-200b,TGF-beta,SNAI2,miR-101",P,7
2267,"SNAI1,TWIST1,ZEB1,miR-200b,TGF-beta,SNAI2,TWIST2",N,7
2268,"SNAI1,TWIST1,ZEB1,miR-200b,TGF-beta",P,5
2269,"SNAI1,TWIST1,ZEB1,miR-200b,TGF-beta,GSC",P,6
2270,"SNAI1,TWIST1,ZEB1,miR-200b,ZEB2,miR-200a,TGF-beta,SNAI2,miR-101",N,9
2271,"SNAI1,TWIST1,ZEB1,miR-200b,ZEB2,miR-200a,TGF-beta,SNAI2,TWIST2",P,9
2272,"SNAI1,TWIST1,ZEB1,miR-200b,ZEB2,miR-200a,TGF-beta",N,7
2273,"SNAI1,TWIST1,ZEB1,miR-200b,ZEB2,miR-200a,TGF-beta,GSC",N,8
2274,"SNAI1,TWIST1,ZEB1,miR-200b,ZEB2,miR-200c,TGF-beta,SNAI2,miR-101",N,9
2275,"SNAI1,TWIST1,ZEB1,miR-200b,ZEB2,miR-200c,TGF-beta,SNAI2,TWIST2",P,9
2276,"SNAI1,TWIST1,ZEB1,miR-200b,ZEB2,miR-200c,TGF-beta",N,7
2277,"SNAI1,TWIST1,ZEB1,miR-200b,ZEB2,miR-200c,TGF-beta,GSC",N,8
2278,"SNAI1,TWIST1,ZEB1,miR-141,TGF-beta,SNAI2,miR-101",N,7
2279,"SNAI1,TWIST1,ZEB1,miR-141,TGF-beta,SNAI2,TWIST2",P,7
2280,"SNAI1,TWIST1,ZEB1,miR-141,TGF-beta",N,5
2281,"SNAI1,TWIST1,ZEB1,miR-141,TGF-beta,GSC",N,6
2282,"SNAI1,TWIST1,ZEB1,miR-141,ZEB2,miR-200a,TGF-beta,SNAI2,miR-101",N,9
2283,"SNAI1,TWIST1,ZEB1,miR-141,ZEB2,miR-200a,TGF-beta,SNAI2,TWIST2",P,9
2284,"SNAI1,TWIST1,ZEB1,miR-141,ZEB2,miR-200a,TGF-beta",N,7
2285,"SNAI1,TWIST1,ZEB1,miR-141,ZEB2,miR-200a,TGF-beta,GSC",N,8
2286,"SNAI1,TWIST1,ZEB1,miR-141,ZEB2,miR-200c,TGF-beta,SNAI2,miR-101",N,9
2287,"SNAI1,TWIST1,ZEB1,miR-141,ZEB2,miR-200c,TGF-beta,SNAI2,TWIST2",P,9
2288,"SNAI1,TWIST1,ZEB1,miR-141,ZEB2,miR-200c,TGF-beta",N,7
2289,"SNAI1,TWIST1,ZEB1,miR-141,ZEB2,miR-200c,TGF-beta,GSC",N,8
2290,"SNAI1,TWIST1,ZEB1,miR-141,ZEB2,miR-200b,TGF-beta,SNAI2,miR-101",N,9
2291,"SNAI1,TWIST1,ZEB1,miR-141,ZEB2,miR-200b,TGF-beta,SNAI2,TWIST2",P,9
2292,"SNAI1,TWIST1,ZEB1,miR-141,ZEB2,miR-200b,TGF-beta",N,7
2293,"SNAI1,TWIST1,ZEB1,miR-141,ZEB2,miR-200b,TGF-beta,GSC",N,8
2294,"SNAI1,TWIST1,SNAI2,miR-200b,TGF-beta",P,5
2295,"SNAI1,TWIST1,SNAI2,miR-200b,TGF-beta,GSC",P,6
2296,"SNAI1,TWIST1,SNAI2,miR-200b,ZEB2,miR-200a,TGF-beta",N,7
2297,"SNAI1,TWIST1,SNAI2,miR-200b,ZEB2,miR-200a,TGF-beta,GSC",N,8
2298,"SNAI1,TWIST1,SNAI2,miR-200b,ZEB2,miR-200a,ZEB1,miR-200c,TGF-beta",P,9
2299,"SNAI1,TWIST1,SNAI2,miR-200b,ZEB2,miR-200a,ZEB1,miR-200c,TGF-beta,GSC",P,10
2300,"SNAI1,TWIST1,SNAI2,miR-200b,ZEB2,miR-200a,ZEB1,miR-141,TGF-beta",P,9
2301,"SNAI1,TWIST1,SNAI2,miR-200b,ZEB2,miR-200a,ZEB1,miR-141,TGF-beta,GSC",P,10
2302,"SNAI1,TWIST1,SNAI2,miR-200b,ZEB2,miR-200c,TGF-beta",N,7
2303,"SNAI1,TWIST1,SNAI2,miR-200b,ZEB2,miR-200c,TGF-beta,GSC",N,8
2304,"SNAI1,TWIST1,SNAI2,miR-200b,ZEB2,miR-200c,ZEB1,miR-200a,TGF-beta",P,9
2305,"SNAI1,TWIST1,SNAI2,miR-200b,ZEB2,miR-200c,ZEB1,miR-200a,TGF-beta,GSC",P,10
2306,"SNAI1,TWIST1,SNAI2,miR-200b,ZEB2,miR-200c,ZEB1,miR-141,TGF-beta",P,9
2307,"SNAI1,TWIST1,SNAI2,miR-200b,ZEB2,miR-200c,ZEB1,miR-141,TGF-beta,GSC",P,10
2308,"SNAI1,TWIST1,SNAI2,miR-200b,ZEB1,miR-200a,TGF-beta",P,7
2309,"SNAI1,TWIST1,SNAI2,miR-200b,ZEB1,miR-200a,TGF-beta,GSC",P,8
2310,"SNAI1,TWIST1,SNAI2,miR-200b,ZEB1,miR-200a,ZEB2,miR-200c,TGF-beta",N,9
2311,"SNAI1,TWIST1,SNAI2,miR-200b,ZEB1,miR-200a,ZEB2,miR-200c,TGF-beta,GSC",N,10
2312,"SNAI1,TWIST1,SNAI2,miR-200b,ZEB1,miR-200c,TGF-beta",P,7
2313,"SNAI1,TWIST1,SNAI2,miR-200b,ZEB1,miR-200c,TGF-beta,GSC",P,8
2314,"SNAI1,TWIST1,SNAI2,miR-200b,ZEB1,miR-200c,ZEB2,miR-200a,TGF-beta",N,9
2315,"SNAI1,TWIST1,SNAI2,miR-200b,ZEB1,miR-200c,ZEB2,miR-200a,TGF-beta,GSC",N,10
2316,"SNAI1,TWIST1,SNAI2,miR-200b,ZEB1,miR-141,TGF-beta",P,7
2317,"SNAI1,TWIST1,SNAI2,miR-200b,ZEB1,miR-141,TGF-beta,GSC",P,8
2318,"SNAI1,TWIST1,SNAI2,miR-200b,ZEB1,miR-141,ZEB2,miR-200a,TGF-beta",P,9
2319,"SNAI1,TWIST1,SNAI2,miR-200b,ZEB1,miR-141,ZEB2,miR-200a,TGF-beta,GSC",P,10
2320,"SNAI1,TWIST1,SNAI2,miR-200b,ZEB1,miR-141,ZEB2,miR-200c,TGF-beta",P,9
2321,"SNAI1,TWIST1,SNAI2,miR-200b,ZEB1,miR-141,ZEB2,miR-200c,TGF-beta,GSC",P,10
2322,"SNAI1,TWIST1,SNAI2,miR-101",P,4
2323,"SNAI1,TWIST1,SNAI2,miR-101,ZEB2,miR-200a,TGF-beta",P,7
2324,"SNAI1,TWIST1,SNAI2,miR-101,ZEB2,miR-200a,TGF-beta,GSC",P,8
2325,"SNAI1,TWIST1,SNAI2,miR-101,ZEB2,miR-200a,ZEB1,miR-200c,TGF-beta",N,9
2326,"SNAI1,TWIST1,SNAI2,miR-101,ZEB2,miR-200a,ZEB1,miR-200c,TGF-beta,GSC",N,10
2327,"SNAI1,TWIST1,SNAI2,miR-101,ZEB2,miR-200a,ZEB1,miR-200b,TGF-beta",P,9
2328,"SNAI1,TWIST1,SNAI2,miR-101,ZEB2,miR-200a,ZEB1,miR-200b,TGF-beta,GSC",P,10
2329,"SNAI1,TWIST1,SNAI2,miR-101,ZEB2,miR-200a,ZEB1,miR-141,TGF-beta",N,9
2330,"SNAI1,TWIST1,SNAI2,miR-101,ZEB2,miR-200a,ZEB1,miR-141,TGF-beta,GSC",N,10
2331,"SNAI1,TWIST1,SNAI2,miR-101,ZEB2,miR-200c,TGF-beta",P,7
2332,"SNAI1,TWIST1,SNAI2,miR-101,ZEB2,miR-200c,TGF-beta,GSC",P,8
2333,"SNAI1,TWIST1,SNAI2,miR-101,ZEB2,miR-200c,ZEB1,miR-200a,TGF-beta",N,9
2334,"SNAI1,TWIST1,SNAI2,miR-101,ZEB2,miR-200c,ZEB1,miR-200a,TGF-beta,GSC",N,10
2335,"SNAI1,TWIST1,SNAI2,miR-101,ZEB2,miR-200c,ZEB1,miR-200b,TGF-beta",P,9
2336,"SNAI1,TWIST1,SNAI2,miR-101,ZEB2,miR-200c,ZEB1,miR-200b,TGF-beta,GSC",P,10
2337,"SNAI1,TWIST1,SNAI2,miR-101,ZEB2,miR-200c,ZEB1,miR-141,TGF-beta",N,9
2338,"SNAI1,TWIST1,SNAI2,miR-101,ZEB2,miR-200c,ZEB1,miR-141,TGF-beta,GSC",N,10
2339,"SNAI1,TWIST1,SNAI2,miR-101,ZEB2,miR-200b,TGF-beta",P,7
2340,"SNAI1,TWIST1,SNAI2,miR-101,ZEB2,miR-200b,TGF-beta,GSC",P,8
2341,"SNAI1,TWIST1,SNAI2,miR-101,ZEB2,miR-200b,ZEB1,miR-200a,TGF-beta",P,9
2342,"SNAI1,TWIST1,SNAI2,miR-101,ZEB2,miR-200b,ZEB1,miR-200a,TGF-beta,GSC",P,10
2343,"SNAI1,TWIST1,SNAI2,miR-101,ZEB2,miR-200b,ZEB1,miR-200c,TGF-beta",P,9
2344,"SNAI1,TWIST1,SNAI2,miR-101,ZEB2,miR-200b,ZEB1,miR-200c,TGF-beta,GSC",P,10
2345,"SNAI1,TWIST1,SNAI2,miR-101,ZEB2,miR-200b,ZEB1,miR-141,TGF-beta",P,9
2346,"SNAI1,TWIST1,SNAI2,miR-101,ZEB2,miR-200b,ZEB1,miR-141,TGF-beta,GSC",P,10
2347,"SNAI1,TWIST1,SNAI2,miR-101,ZEB1,miR-200a,TGF-beta",P,7
2348,"SNAI1,TWIST1,SNAI2,miR-101,ZEB1,miR-200a,TGF-beta,GSC",P,8
2349,"SNAI1,TWIST1,SNAI2,miR-101,ZEB1,miR-200a,ZEB2,miR-200c,TGF-beta",N,9
2350,"SNAI1,TWIST1,SNAI2,miR-101,ZEB1,miR-200a,ZEB2,miR-200c,TGF-beta,GSC",N,10
2351,"SNAI1,TWIST1,SNAI2,miR-101,ZEB1,miR-200a,ZEB2,miR-200b,TGF-beta",N,9
2352,"SNAI1,TWIST1,SNAI2,miR-101,ZEB1,miR-200a,ZEB2,miR-200b,TGF-beta,GSC",N,10
2353,"SNAI1,TWIST1,SNAI2,miR-101,ZEB1,miR-200c,TGF-beta",P,7
2354,"SNAI1,TWIST1,SNAI2,miR-101,ZEB1,miR-200c,TGF-beta,GSC",P,8
2355,"SNAI1,TWIST1,SNAI2,miR-101,ZEB1,miR-200c,ZEB2,miR-200a,TGF-beta",N,9
2356,"SNAI1,TWIST1,SNAI2,miR-101,ZEB1,miR-200c,ZEB2,miR-200a,TGF-beta,GSC",N,10
2357,"SNAI1,TWIST1,SNAI2,miR-101,ZEB1,miR-200c,ZEB2,miR-200b,TGF-beta",N,9
2358,"SNAI1,TWIST1,SNAI2,miR-101,ZEB1,miR-200c,ZEB2,miR-200b,TGF-beta,GSC",N,10
2359,"SNAI1,TWIST1,SNAI2,miR-101,ZEB1,miR-200b,TGF-beta",N,7
2360,"SNAI1,TWIST1,SNAI2,miR-101,ZEB1,miR-200b,TGF-beta,GSC",N,8
2361,"SNAI1,TWIST1,SNAI2,miR-101,ZEB1,miR-200b,ZEB2,miR-200a,TGF-beta",P,9
2362,"SNAI1,TWIST1,SNAI2,miR-101,ZEB1,miR-200b,ZEB2,miR-200a,TGF-beta,GSC",P,10
2363,"SNAI1,TWIST1,SNAI2,miR-101,ZEB1,miR-200b,ZEB2,miR-200c,TGF-beta",P,9
2364,"SNAI1,TWIST1,SNAI2,miR-101,ZEB1,miR-200b,ZEB2,miR-200c,TGF-beta,GSC",P,10
2365,"SNAI1,TWIST1,SNAI2,miR-101,ZEB1,miR-141,TGF-beta",P,7
2366,"SNAI1,TWIST1,SNAI2,miR-101,ZEB1,miR-141,TGF-beta,GSC",P,8
2367,"SNAI1,TWIST1,SNAI2,miR-101,ZEB1,miR-141,ZEB2,miR-200a,TGF-beta",P,9
2368,"SNAI1,TWIST1,SNAI2,miR-101,ZEB1,miR-141,ZEB2,miR-200a,TGF-beta,GSC",P,10
2369,"SNAI1,TWIST1,SNAI2,miR-101,ZEB1,miR-141,ZEB2,miR-200c,TGF-beta",P,9
2370,"SNAI1,TWIST1,SNAI2,miR-101,ZEB1,miR-141,ZEB2,miR-200c,TGF-beta,GSC",P,10
2371,"SNAI1,TWIST1,SNAI2,miR-101,ZEB1,miR-141,ZEB2,miR-200b,TGF-beta",P,9
2372,"SNAI1,TWIST1,SNAI2,miR-101,ZEB1,miR-141,ZEB2,miR-200b,TGF-beta,GSC",P,10
2373,"SNAI1,TWIST1,SNAI2,TWIST2,ZEB2,miR-200a,TGF-beta",P,7
2374,"SNAI1,TWIST1,SNAI2,TWIST2,ZEB2,miR-200a,TGF-beta,GSC",P,8
2375,"SNAI1,TWIST1,SNAI2,TWIST2,ZEB2,miR-200a,ZEB1,miR-200c,TGF-beta",N,9
2376,"SNAI1,TWIST1,SNAI2,TWIST2,ZEB2,miR-200a,ZEB1,miR-200c,TGF-beta,GSC",N,10
2377,"SNAI1,TWIST1,SNAI2,TWIST2,ZEB2,miR-200a,ZEB1,miR-200b,TGF-beta",P,9
2378,"SNAI1,TWIST1,SNAI2,TWIST2,ZEB2,miR-200a,ZEB1,miR-200b,TGF-beta,GSC",P,10
2379,"SNAI1,TWIST1,SNAI2,TWIST2,ZEB2,miR-200a,ZEB1,miR-141,TGF-beta",N,9
2380,"SNAI1,TWIST1,SNAI2,TWIST2,ZEB2,miR-200a,ZEB1,miR-141,TGF-beta,GSC",N,10
2381,"SNAI1,TWIST1,SNAI2,TWIST2,ZEB2,miR-200c,TGF-beta",P,7
2382,"SNAI1,TWIST1,SNAI2,TWIST2,ZEB2,miR-200c,TGF-beta,GSC",P,8
2383,"SNAI1,TWIST1,SNAI2,TWIST2,ZEB2,miR-200c,ZEB1,miR-200a,TGF-beta",N,9
2384,"SNAI1,TWIST1,SNAI2,TWIST2,ZEB2,miR-200c,ZEB1,miR-200a,TGF-beta,GSC",N,10
2385,"SNAI1,TWIST1,SNAI2,TWIST2,ZEB2,miR-200c,ZEB1,miR-200b,TGF-beta",P,9
2386,"SNAI1,TWIST1,SNAI2,TWIST2,ZEB2,miR-200c,ZEB1,miR-200b,TGF-beta,GSC",P,10
2387,"SNAI1,TWIST1,SNAI2,TWIST2,ZEB2,miR-200c,ZEB1,miR-141,TGF-beta",N,9
2388,"SNAI1,TWIST1,SNAI2,TWIST2,ZEB2,miR-200c,ZEB1,miR-141,TGF-beta,GSC",N,10
2389,"SNAI1,TWIST1,SNAI2,TWIST2,ZEB2,miR-200b,TGF-beta",P,7
2390,"SNAI1,TWIST1,SNAI2,TWIST2,ZEB2,miR-200b,TGF-beta,GSC",P,8
2391,"SNAI1,TWIST1,SNAI2,TWIST2,ZEB2,miR-200b,ZEB1,miR-200a,TGF-beta",P,9
2392,"SNAI1,TWIST1,SNAI2,TWIST2,ZEB2,miR-200b,ZEB1,miR-200a,TGF-beta,GSC",P,10
2393,"SNAI1,TWIST1,SNAI2,TWIST2,ZEB2,miR-200b,ZEB1,miR-200c,TGF-beta",P,9
2394,"SNAI1,TWIST1,SNAI2,TWIST2,ZEB2,miR-200b,ZEB1,miR-200c,TGF-beta,GSC",P,10
2395,"SNAI1,TWIST1,SNAI2,TWIST2,ZEB2,miR-200b,ZEB1,miR-141,TGF-beta",P,9
2396,"SNAI1,TWIST1,SNAI2,TWIST2,ZEB2,miR-200b,ZEB1,miR-141,TGF-beta,GSC",P,10
2397,"SNAI1,TWIST1,SNAI2,TWIST2,ZEB1,miR-200a,TGF-beta",P,7
2398,"SNAI1,TWIST1,SNAI2,TWIST2,ZEB1,miR-200a,TGF-beta,GSC",P,8
2399,"SNAI1,TWIST1,SNAI2,TWIST2,ZEB1,miR-200a,ZEB2,miR-200c,TGF-beta",N,9
2400,"SNAI1,TWIST1,SNAI2,TWIST2,ZEB1,miR-200a,ZEB2,miR-200c,TGF-beta,GSC",N,10
2401,"SNAI1,TWIST1,SNAI2,TWIST2,ZEB1,miR-200a,ZEB2,miR-200b,TGF-beta",N,9
2402,"SNAI1,TWIST1,SNAI2,TWIST2,ZEB1,miR-200a,ZEB2,miR-200b,TGF-beta,GSC",N,10
2403,"SNAI1,TWIST1,SNAI2,TWIST2,ZEB1,miR-200c,TGF-beta",P,7
2404,"SNAI1,TWIST1,SNAI2,TWIST2,ZEB1,miR-200c,TGF-beta,GSC",P,8
2405,"SNAI1,TWIST1,SNAI2,TWIST2,ZEB1,miR-200c,ZEB2,miR-200a,TGF-beta",N,9
2406,"SNAI1,TWIST1,SNAI2,TWIST2,ZEB1,miR-200c,ZEB2,miR-200a,TGF-beta,GSC",N,10
2407,"SNAI1,TWIST1,SNAI2,TWIST2,ZEB1,miR-200c,ZEB2,miR-200b,TGF-beta",N,9
2408,"SNAI1,TWIST1,SNAI2,TWIST2,ZEB1,miR-200c,ZEB2,miR-200b,TGF-beta,GSC",N,10
2409,"SNAI1,TWIST1,SNAI2,TWIST2,ZEB1,miR-200b,TGF-beta",N,7
2410,"SNAI1,TWIST1,SNAI2,TWIST2,ZEB1,miR-200b,TGF-beta,GSC",N,8
2411,"SNAI1,TWIST1,SNAI2,TWIST2,ZEB1,miR-200b,ZEB2,miR-200a,TGF-beta",P,9
2412,"SNAI1,TWIST1,SNAI2,TWIST2,ZEB1,miR-200b,ZEB2,miR-200a,TGF-beta,GSC",P,10
2413,"SNAI1,TWIST1,SNAI2,TWIST2,ZEB1,miR-200b,ZEB2,miR-200c,TGF-beta",P,9
2414,"SNAI1,TWIST1,SNAI2,TWIST2,ZEB1,miR-200b,ZEB2,miR-200c,TGF-beta,GSC",P,10
2415,"SNAI1,TWIST1,SNAI2,TWIST2,ZEB1,miR-141,TGF-beta",P,7
2416,"SNAI1,TWIST1,SNAI2,TWIST2,ZEB1,miR-141,TGF-beta,GSC",P,8
2417,"SNAI1,TWIST1,SNAI2,TWIST2,ZEB1,miR-141,ZEB2,miR-200a,TGF-beta",P,9
2418,"SNAI1,TWIST1,SNAI2,TWIST2,ZEB1,miR-141,ZEB2,miR-200a,TGF-beta,GSC",P,10
2419,"SNAI1,TWIST1,SNAI2,TWIST2,ZEB1,miR-141,ZEB2,miR-200c,TGF-beta",P,9
2420,"SNAI1,TWIST1,SNAI2,TWIST2,ZEB1,miR-141,ZEB2,miR-200c,TGF-beta,GSC",P,10
2421,"SNAI1,TWIST1,SNAI2,TWIST2,ZEB1,miR-141,ZEB2,miR-200b,TGF-beta",P,9
2422,"SNAI1,TWIST1,SNAI2,TWIST2,ZEB1,miR-141,ZEB2,miR-200b,TGF-beta,GSC",P,10
2423,"SNAI1,TWIST1,SNAI2,TWIST2",N,4
2424,"SNAI1,TWIST1",P,2
2425,"SNAI1,TWIST1,FOXC2,ZEB1,miR-200a,TGF-beta,SNAI2,miR-101",N,8
2426,"SNAI1,TWIST1,FOXC2,ZEB1,miR-200a,TGF-beta,SNAI2,TWIST2",P,8
2427,"SNAI1,TWIST1,FOXC2,ZEB1,miR-200a,TGF-beta",N,6
2428,"SNAI1,TWIST1,FOXC2,ZEB1,miR-200a,TGF-beta,GSC",N,7
2429,"SNAI1,TWIST1,FOXC2,ZEB1,miR-200a,ZEB2,miR-200c,TGF-beta,SNAI2,miR-101",P,10
2430,"SNAI1,TWIST1,FOXC2,ZEB1,miR-200a,ZEB2,miR-200c,TGF-beta,SNAI2,TWIST2",N,10
2431,"SNAI1,TWIST1,FOXC2,ZEB1,miR-200a,ZEB2,miR-200c,TGF-beta",P,8
2432,"SNAI1,TWIST1,FOXC2,ZEB1,miR-200a,ZEB2,miR-200c,TGF-beta,GSC",P,9
2433,"SNAI1,TWIST1,FOXC2,ZEB1,miR-200a,ZEB2,miR-200b,TGF-beta,SNAI2,miR-101",P,10
2434,"SNAI1,TWIST1,FOXC2,ZEB1,miR-200a,ZEB2,miR-200b,TGF-beta,SNAI2,TWIST2",N,10
2435,"SNAI1,TWIST1,FOXC2,ZEB1,miR-200a,ZEB2,miR-200b,TGF-beta",P,8
2436,"SNAI1,TWIST1,FOXC2,ZEB1,miR-200a,ZEB2,miR-200b,TGF-beta,GSC",P,9
2437,"SNAI1,TWIST1,FOXC2,ZEB1,miR-200c,TGF-beta,SNAI2,miR-101",N,8
2438,"SNAI1,TWIST1,FOXC2,ZEB1,miR-200c,TGF-beta,SNAI2,TWIST2",P,8
2439,"SNAI1,TWIST1,FOXC2,ZEB1,miR-200c,TGF-beta",N,6
2440,"SNAI1,TWIST1,FOXC2,ZEB1,miR-200c,TGF-beta,GSC",N,7
2441,"SNAI1,TWIST1,FOXC2,ZEB1,miR-200c,ZEB2,miR-200a,TGF-beta,SNAI2,miR-101",P,10
2442,"SNAI1,TWIST1,FOXC2,ZEB1,miR-200c,ZEB2,miR-200a,TGF-beta,SNAI2,TWIST2",N,10
2443,"SNAI1,TWIST1,FOXC2,ZEB1,miR-200c,ZEB2,miR-200a,TGF-beta",P,8
2444,"SNAI1,TWIST1,FOXC2,ZEB1,miR-200c,ZEB2,miR-200a,TGF-beta,GSC",P,9
2445,"SNAI1,TWIST1,FOXC2,ZEB1,miR-200c,ZEB2,miR-200b,TGF-beta,SNAI2,miR-101",P,10
2446,"SNAI1,TWIST1,FOXC2,ZEB1,miR-200c,ZEB2,miR-200b,TGF-beta,SNAI2,TWIST2",N,10
2447,"SNAI1,TWIST1,FOXC2,ZEB1,miR-200c,ZEB2,miR-200b,TGF-beta",P,8
2448,"SNAI1,TWIST1,FOXC2,ZEB1,miR-200c,ZEB2,miR-200b,TGF-beta,GSC",P,9
2449,"SNAI1,TWIST1,FOXC2,ZEB1,miR-200b,TGF-beta,SNAI2,miR-101",P,8
2450,"SNAI1,TWIST1,FOXC2,ZEB1,miR-200b,TGF-beta,SNAI2,TWIST2",N,8
2451,"SNAI1,TWIST1,FOXC2,ZEB1,miR-200b,TGF-beta",P,6
2452,"SNAI1,TWIST1,FOXC2,ZEB1,miR-200b,TGF-beta,GSC",P,7
2453,"SNAI1,TWIST1,FOXC2,ZEB1,miR-200b,ZEB2,miR-200a,TGF-beta,SNAI2,miR-101",N,10
2454,"SNAI1,TWIST1,FOXC2,ZEB1,miR-200b,ZEB2,miR-200a,TGF-beta,SNAI2,TWIST2",P,10
2455,"SNAI1,TWIST1,FOXC2,ZEB1,miR-200b,ZEB2,miR-200a,TGF-beta",N,8
2456,"SNAI1,TWIST1,FOXC2,ZEB1,miR-200b,ZEB2,miR-200a,TGF-beta,GSC",N,9
2457,"SNAI1,TWIST1,FOXC2,ZEB1,miR-200b,ZEB2,miR-200c,TGF-beta,SNAI2,miR-101",N,10
2458,"SNAI1,TWIST1,FOXC2,ZEB1,miR-200b,ZEB2,miR-200c,TGF-beta,SNAI2,TWIST2",P,10
2459,"SNAI1,TWIST1,FOXC2,ZEB1,miR-200b,ZEB2,miR-200c,TGF-beta",N,8
2460,"SNAI1,TWIST1,FOXC2,ZEB1,miR-200b,ZEB2,miR-200c,TGF-beta,GSC",N,9
2461,"SNAI1,TWIST1,FOXC2,ZEB1,miR-141,TGF-beta,SNAI2,miR-101",N,8
2462,"SNAI1,TWIST1,FOXC2,ZEB1,miR-141,TGF-beta,SNAI2,TWIST2",P,8
2463,"SNAI1,TWIST1,FOXC2,ZEB1,miR-141,TGF-beta",N,6
2464,"SNAI1,TWIST1,FOXC2,ZEB1,miR-141,TGF-beta,GSC",N,7
2465,"SNAI1,TWIST1,FOXC2,ZEB1,miR-141,ZEB2,miR-200a,TGF-beta,SNAI2,miR-101",N,10
2466,"SNAI1,TWIST1,FOXC2,ZEB1,miR-141,ZEB2,miR-200a,TGF-beta,SNAI2,TWIST2",P,10
2467,"SNAI1,TWIST1,FOXC2,ZEB1,miR-141,ZEB2,miR-200a,TGF-beta",N,8
2468,"SNAI1,TWIST1,FOXC2,ZEB1,miR-141,ZEB2,miR-200a,TGF-beta,GSC",N,9
2469,"SNAI1,TWIST1,FOXC2,ZEB1,miR-141,ZEB2,miR-200c,TGF-beta,SNAI2,miR-101",N,10
2470,"SNAI1,TWIST1,FOXC2,ZEB1,miR-141,ZEB2,miR-200c,TGF-beta,SNAI2,TWIST2",P,10
2471,"SNAI1,TWIST1,FOXC2,ZEB1,miR-141,ZEB2,miR-200c,TGF-beta",N,8
2472,"SNAI1,TWIST1,FOXC2,ZEB1,miR-141,ZEB2,miR-200c,TGF-beta,GSC",N,9
2473,"SNAI1,TWIST1,FOXC2,ZEB1,miR-141,ZEB2,miR-200b,TGF-beta,SNAI2,miR-101",N,10
2474,"SNAI1,TWIST1,FOXC2,ZEB1,miR-141,ZEB2,miR-200b,TGF-beta,SNAI2,TWIST2",P,10
2475,"SNAI1,TWIST1,FOXC2,ZEB1,miR-141,ZEB2,miR-200b,TGF-beta",N,8
2476,"SNAI1,TWIST1,FOXC2,ZEB1,miR-141,ZEB2,miR-200b,TGF-beta,GSC",N,9
2477,"SNAI1,SNAI2,miR-200b,TGF-beta",N,4
2478,"SNAI1,SNAI2,miR-200b,TGF-beta,GSC,TWIST1",P,6
2479,"SNAI1,SNAI2,miR-200b,TGF-beta,GSC",N,5
2480,"SNAI1,SNAI2,miR-200b,ZEB2,miR-200a,TGF-beta",P,6
2481,"SNAI1,SNAI2,miR-200b,ZEB2,miR-200a,TGF-beta,GSC,TWIST1",N,8
2482,"SNAI1,SNAI2,miR-200b,ZEB2,miR-200a,TGF-beta,GSC",P,7
2483,"SNAI1,SNAI2,miR-200b,ZEB2,miR-200a,ZEB1,miR-200c,TGF-beta",N,8
2484,"SNAI1,SNAI2,miR-200b,ZEB2,miR-200a,ZEB1,miR-200c,TGF-beta,GSC,TWIST1",P,10
2485,"SNAI1,SNAI2,miR-200b,ZEB2,miR-200a,ZEB1,miR-200c,TGF-beta,GSC",N,9
2486,"SNAI1,SNAI2,miR-200b,ZEB2,miR-200a,ZEB1,miR-141,TGF-beta",N,8
2487,"SNAI1,SNAI2,miR-200b,ZEB2,miR-200a,ZEB1,miR-141,TGF-beta,GSC,TWIST1",P,10
2488,"SNAI1,SNAI2,miR-200b,ZEB2,miR-200a,ZEB1,miR-141,TGF-beta,GSC",N,9
2489,"SNAI1,SNAI2,miR-200b,ZEB2,miR-200c,TGF-beta",P,6
2490,"SNAI1,SNAI2,miR-200b,ZEB2,miR-200c,TGF-beta,GSC,TWIST1",N,8
2491,"SNAI1,SNAI2,miR-200b,ZEB2,miR-200c,TGF-beta,GSC",P,7
2492,"SNAI1,SNAI2,miR-200b,ZEB2,miR-200c,ZEB1,miR-200a,TGF-beta",N,8
2493,"SNAI1,SNAI2,miR-200b,ZEB2,miR-200c,ZEB1,miR-200a,TGF-beta,GSC,TWIST1",P,10
2494,"SNAI1,SNAI2,miR-200b,ZEB2,miR-200c,ZEB1,miR-200a,TGF-beta,GSC",N,9
2495,"SNAI1,SNAI2,miR-200b,ZEB2,miR-200c,ZEB1,miR-141,TGF-beta",N,8
2496,"SNAI1,SNAI2,miR-200b,ZEB2,miR-200c,ZEB1,miR-141,TGF-beta,GSC,TWIST1",P,10
2497,"SNAI1,SNAI2,miR-200b,ZEB2,miR-200c,ZEB1,miR-141,TGF-beta,GSC",N,9
2498,"SNAI1,SNAI2,miR-200b,ZEB1,miR-200a,TGF-beta",N,6
2499,"SNAI1,SNAI2,miR-200b,ZEB1,miR-200a,TGF-beta,GSC,TWIST1",P,8
2500,"SNAI1,SNAI2,miR-200b,ZEB1,miR-200a,TGF-beta,GSC",N,7
2501,"SNAI1,SNAI2,miR-200b,ZEB1,miR-200a,ZEB2,miR-200c,TGF-beta",P,8
2502,"SNAI1,SNAI2,miR-200b,ZEB1,miR-200a,ZEB2,miR-200c,TGF-beta,GSC,TWIST1",N,10
2503,"SNAI1,SNAI2,miR-200b,ZEB1,miR-200a,ZEB2,miR-200c,TGF-beta,GSC",P,9
2504,"SNAI1,SNAI2,miR-200b,ZEB1,miR-200c,TGF-beta",N,6
2505,"SNAI1,SNAI2,miR-200b,ZEB1,miR-200c,TGF-beta,GSC,TWIST1",P,8
2506,"SNAI1,SNAI2,miR-200b,ZEB1,miR-200c,TGF-beta,GSC",N,7
2507,"SNAI1,SNAI2,miR-200b,ZEB1,miR-200c,ZEB2,miR-200a,TGF-beta",P,8
2508,"SNAI1,SNAI2,miR-200b,ZEB1,miR-200c,ZEB2,miR-200a,TGF-beta,GSC,TWIST1",N,10
2509,"SNAI1,SNAI2,miR-200b,ZEB1,miR-200c,ZEB2,miR-200a,TGF-beta,GSC",P,9
2510,"SNAI1,SNAI2,miR-200b,ZEB1,miR-141,TGF-beta",N,6
2511,"SNAI1,SNAI2,miR-200b,ZEB1,miR-141,TGF-beta,GSC,TWIST1",P,8
2512,"SNAI1,SNAI2,miR-200b,ZEB1,miR-141,TGF-beta,GSC",N,7
2513,"SNAI1,SNAI2,miR-200b,ZEB1,miR-141,ZEB2,miR-200a,TGF-beta",N,8
2514,"SNAI1,SNAI2,miR-200b,ZEB1,miR-141,ZEB2,miR-200a,TGF-beta,GSC,TWIST1",P,10
2515,"SNAI1,SNAI2,miR-200b,ZEB1,miR-141,ZEB2,miR-200a,TGF-beta,GSC",N,9
2516,"SNAI1,SNAI2,miR-200b,ZEB1,miR-141,ZEB2,miR-200c,TGF-beta",N,8
2517,"SNAI1,SNAI2,miR-200b,ZEB1,miR-141,ZEB2,miR-200c,TGF-beta,GSC,TWIST1",P,10
2518,"SNAI1,SNAI2,miR-200b,ZEB1,miR-141,ZEB2,miR-200c,TGF-beta,GSC",N,9
2519,"SNAI1,SNAI2,miR-101",N,3
2520,"SNAI1,SNAI2,miR-101,ZEB2,miR-200a,TGF-beta",N,6
2521,"SNAI1,SNAI2,miR-101,ZEB2,miR-200a,TGF-beta,GSC,TWIST1",P,8
2522,"SNAI1,SNAI2,miR-101,ZEB2,miR-200a,TGF-beta,GSC",N,7
2523,"SNAI1,SNAI2,miR-101,ZEB2,miR-200a,ZEB1,miR-200c,TGF-beta",P,8
2524,"SNAI1,SNAI2,miR-101,ZEB2,miR-200a,ZEB1,miR-200c,TGF-beta,GSC,TWIST1",N,10
2525,"SNAI1,SNAI2,miR-101,ZEB2,miR-200a,ZEB1,miR-200c,TGF-beta,GSC",P,9
2526,"SNAI1,SNAI2,miR-101,ZEB2,miR-200a,ZEB1,miR-200b,TGF-beta",N,8
2527,"SNAI1,SNAI2,miR-101,ZEB2,miR-200a,ZEB1,miR-200b,TGF-beta,GSC,TWIST1",P,10
2528,"SNAI1,SNAI2,miR-101,ZEB2,miR-200a,ZEB1,miR-200b,TGF-beta,GSC",N,9
2529,"SNAI1,SNAI2,miR-101,ZEB2,miR-200a,ZEB1,miR-141,TGF-beta",P,8
2530,"SNAI1,SNAI2,miR-101,ZEB2,miR-200a,ZEB1,miR-141,TGF-beta,GSC,TWIST1",N,10
2531,"SNAI1,SNAI2,miR-101,ZEB2,miR-200a,ZEB1,miR-141,TGF-beta,GSC",P,9
2532,"SNAI1,SNAI2,miR-101,ZEB2,miR-200c,TGF-beta",N,6
2533,"SNAI1,SNAI2,miR-101,ZEB2,miR-200c,TGF-beta,GSC,TWIST1",P,8
2534,"SNAI1,SNAI2,miR-101,ZEB2,miR-200c,TGF-beta,GSC",N,7
2535,"SNAI1,SNAI2,miR-101,ZEB2,miR-200c,ZEB1,miR-200a,TGF-beta",P,8
2536,"SNAI1,SNAI2,miR-101,ZEB2,miR-200c,ZEB1,miR-200a,TGF-beta,GSC,TWIST1",N,10
2537,"SNAI1,SNAI2,miR-101,ZEB2,miR-200c,ZEB1,miR-200a,TGF-beta,GSC",P,9
2538,"SNAI1,SNAI2,miR-101,ZEB2,miR-200c,ZEB1,miR-200b,TGF-beta",N,8
2539,"SNAI1,SNAI2,miR-101,ZEB2,miR-200c,ZEB1,miR-200b,TGF-beta,GSC,TWIST1",P,10
2540,"SNAI1,SNAI2,miR-101,ZEB2,miR-200c,ZEB1,miR-200b,TGF-beta,GSC",N,9
2541,"SNAI1,SNAI2,miR-101,ZEB2,miR-200c,ZEB1,miR-141,TGF-beta",P,8
2542,"SNAI1,SNAI2,miR-101,ZEB2,miR-200c,ZEB1,miR-141,TGF-beta,GSC,TWIST1",N,10
2543,"SNAI1,SNAI2,miR-101,ZEB2,miR-200c,ZEB1,miR-141,TGF-beta,GSC",P,9
2544,"SNAI1,SNAI2,miR-101,ZEB2,miR-200b,TGF-beta",N,6
2545,"SNAI1,SNAI2,miR-101,ZEB2,miR-200b,TGF-beta,GSC,TWIST1",P,8
2546,"SNAI1,SNAI2,miR-101,ZEB2,miR-200b,TGF-beta,GSC",N,7
2547,"SNAI1,SNAI2,miR-101,ZEB2,miR-200b,ZEB1,miR-200a,TGF-beta",N,8
2548,"SNAI1,SNAI2,miR-101,ZEB2,miR-200b,ZEB1,miR-200a,TGF-beta,GSC,TWIST1",P,10
2549,"SNAI1,SNAI2,miR-101,ZEB2,miR-200b,ZEB1,miR-200a,TGF-beta,GSC",N,9
2550,"SNAI1,SNAI2,miR-101,ZEB2,miR-200b,ZEB1,miR-200c,TGF-beta",N,8
2551,"SNAI1,SNAI2,miR-101,ZEB2,miR-200b,ZEB1,miR-200c,TGF-beta,GSC,TWIST1",P,10
2552,"SNAI1,SNAI2,miR-101,ZEB2,miR-200b,ZEB1,miR-200c,TGF-beta,GSC",N,9
2553,"SNAI1,SNAI2,miR-101,ZEB2,miR-200b,ZEB1,miR-141,TGF-beta",N,8
2554,"SNAI1,SNAI2,miR-101,ZEB2,miR-200b,ZEB1,miR-141,TGF-beta,GSC,TWIST1",P,10
2555,"SNAI1,SNAI2,miR-101,ZEB2,miR-200b,ZEB1,miR-141,TGF-beta,GSC",N,9
2556,"SNAI1,SNAI2,miR-101,ZEB1,miR-200a,TGF-beta",N,6
2557,"SNAI1,SNAI2,miR-101,ZEB1,miR-200a,TGF-beta,GSC,TWIST1",P,8
2558,"SNAI1,SNAI2,miR-101,ZEB1,miR-200a,TGF-beta,GSC",N,7
2559,"SNAI1,SNAI2,miR-101,ZEB1,miR-200a,ZEB2,miR-200c,TGF-beta",P,8
2560,"SNAI1,SNAI2,miR-101,ZEB1,miR-200a,ZEB2,miR-200c,TGF-beta,GSC,TWIST1",N,10
2561,"SNAI1,SNAI2,miR-101,ZEB1,miR-200a,ZEB2,miR-200c,TGF-beta,GSC",P,9
2562,"SNAI1,SNAI2,miR-101,ZEB1,miR-200a,ZEB2,miR-200b,TGF-beta",P,8
2563,"SNAI1,SNAI2,miR-101,ZEB1,miR-200a,ZEB2,miR-200b,TGF-beta,GSC,TWIST1",N,10
2564,"SNAI1,SNAI2,miR-101,ZEB1,miR-200a,ZEB2,miR-200b,TGF-beta,GSC",P,9
2565,"SNAI1,SNAI2,miR-101,ZEB1,miR-200c,TGF-beta",N,6
2566,"SNAI1,SNAI2,miR-101,ZEB1,miR-200c,TGF-beta,GSC,TWIST1",P,8
2567,"SNAI1,SNAI2,miR-101,ZEB1,miR-200c,TGF-beta,GSC",N,7
2568,"SNAI1,SNAI2,miR-101,ZEB1,miR-200c,ZEB2,miR-200a,TGF-beta",P,8
2569,"SNAI1,SNAI2,miR-101,ZEB1,miR-200c,ZEB2,miR-200a,TGF-beta,GSC,TWIST1",N,10
2570,"SNAI1,SNAI2,miR-101,ZEB1,miR-200c,ZEB2,miR-200a,TGF-beta,GSC",P,9
2571,"SNAI1,SNAI2,miR-101,ZEB1,miR-200c,ZEB2,miR-200b,TGF-beta",P,8
2572,"SNAI1,SNAI2,miR-101,ZEB1,miR-200c,ZEB2,miR-200b,TGF-beta,GSC,TWIST1",N,10
2573,"SNAI1,SNAI2,miR-101,ZEB1,miR-200c,ZEB2,miR-200b,TGF-beta,GSC",P,9
2574,"SNAI1,SNAI2,miR-101,ZEB1,miR-200b,TGF-beta",P,6
2575,"SNAI1,SNAI2,miR-101,ZEB1,miR-200b,TGF-beta,GSC,TWIST1",N,8
2576,"SNAI1,SNAI2,miR-101,ZEB1,miR-200b,TGF-beta,GSC",P,7
2577,"SNAI1,SNAI2,miR-101,ZEB1,miR-200b,ZEB2,miR-200a,TGF-beta",N,8
2578,"SNAI1,SNAI2,miR-101,ZEB1,miR-200b,ZEB2,miR-200a,TGF-beta,GSC,TWIST1",P,10
2579,"SNAI1,SNAI2,miR-101,ZEB1,miR-200b,ZEB2,miR-200a,TGF-beta,GSC",N,9
2580,"SNAI1,SNAI2,miR-101,ZEB1,miR-200b,ZEB2,miR-200c,TGF-beta",N,8
2581,"SNAI1,SNAI2,miR-101,ZEB1,miR-200b,ZEB2,miR-200c,TGF-beta,GSC,TWIST1",P,10
2582,"SNAI1,SNAI2,miR-101,ZEB1,miR-200b,ZEB2,miR-200c,TGF-beta,GSC",N,9
2583,"SNAI1,SNAI2,miR-101,ZEB1,miR-141,TGF-beta",N,6
2584,"SNAI1,SNAI2,miR-101,ZEB1,miR-141,TGF-beta,GSC,TWIST1",P,8
2585,"SNAI1,SNAI2,miR-101,ZEB1,miR-141,TGF-beta,GSC",N,7
2586,"SNAI1,SNAI2,miR-101,ZEB1,miR-141,ZEB2,miR-200a,TGF-beta",N,8
2587,"SNAI1,SNAI2,miR-101,ZEB1,miR-141,ZEB2,miR-200a,TGF-beta,GSC,TWIST1",P,10
2588,"SNAI1,SNAI2,miR-101,ZEB1,miR-141,ZEB2,miR-200a,TGF-beta,GSC",N,9
2589,"SNAI1,SNAI2,miR-101,ZEB1,miR-141,ZEB2,miR-200c,TGF-beta",N,8
2590,"SNAI1,SNAI2,miR-101,ZEB1,miR-141,ZEB2,miR-200c,TGF-beta,GSC,TWIST1",P,10
2591,"SNAI1,SNAI2,miR-101,ZEB1,miR-141,ZEB2,miR-200c,TGF-beta,GSC",N,9
2592,"SNAI1,SNAI2,miR-101,ZEB1,miR-141,ZEB2,miR-200b,TGF-beta",N,8
2593,"SNAI1,SNAI2,miR-101,ZEB1,miR-141,ZEB2,miR-200b,TGF-beta,GSC,TWIST1",P,10
2594,"SNAI1,SNAI2,miR-101,ZEB1,miR-141,ZEB2,miR-200b,TGF-beta,GSC",N,9
2595,"SNAI1,SNAI2,TWIST2,ZEB2,miR-200a,TGF-beta",N,6
2596,"SNAI1,SNAI2,TWIST2,ZEB2,miR-200a,TGF-beta,GSC,TWIST1",P,8
2597,"SNAI1,SNAI2,TWIST2,ZEB2,miR-200a,TGF-beta,GSC",N,7
2598,"SNAI1,SNAI2,TWIST2,ZEB2,miR-200a,ZEB1,miR-200c,TGF-beta",P,8
2599,"SNAI1,SNAI2,TWIST2,ZEB2,miR-200a,ZEB1,miR-200c,TGF-beta,GSC,TWIST1",N,10
2600,"SNAI1,SNAI2,TWIST2,ZEB2,miR-200a,ZEB1,miR-200c,TGF-beta,GSC",P,9
2601,"SNAI1,SNAI2,TWIST2,ZEB2,miR-200a,ZEB1,miR-200b,TGF-beta",N,8
2602,"SNAI1,SNAI2,TWIST2,ZEB2,miR-200a,ZEB1,miR-200b,TGF-beta,GSC,TWIST1",P,10
2603,"SNAI1,SNAI2,TWIST2,ZEB2,miR-200a,ZEB1,miR-200b,TGF-beta,GSC",N,9
2604,"SNAI1,SNAI2,TWIST2,ZEB2,miR-200a,ZEB1,miR-141,TGF-beta",P,8
2605,"SNAI1,SNAI2,TWIST2,ZEB2,miR-200a,ZEB1,miR-141,TGF-beta,GSC,TWIST1",N,10
2606,"SNAI1,SNAI2,TWIST2,ZEB2,miR-200a,ZEB1,miR-141,TGF-beta,GSC",P,9
2607,"SNAI1,SNAI2,TWIST2,ZEB2,miR-200c,TGF-beta",N,6
2608,"SNAI1,SNAI2,TWIST2,ZEB2,miR-200c,TGF-beta,GSC,TWIST1",P,8
2609,"SNAI1,SNAI2,TWIST2,ZEB2,miR-200c,TGF-beta,GSC",N,7
2610,"SNAI1,SNAI2,TWIST2,ZEB2,miR-200c,ZEB1,miR-200a,TGF-beta",P,8
2611,"SNAI1,SNAI2,TWIST2,ZEB2,miR-200c,ZEB1,miR-200a,TGF-beta,GSC,TWIST1",N,10
2612,"SNAI1,SNAI2,TWIST2,ZEB2,miR-200c,ZEB1,miR-200a,TGF-beta,GSC",P,9
2613,"SNAI1,SNAI2,TWIST2,ZEB2,miR-200c,ZEB1,miR-200b,TGF-beta",N,8
2614,"SNAI1,SNAI2,TWIST2,ZEB2,miR-200c,ZEB1,miR-200b,TGF-beta,GSC,TWIST1",P,10
2615,"SNAI1,SNAI2,TWIST2,ZEB2,miR-200c,ZEB1,miR-200b,TGF-beta,GSC",N,9
2616,"SNAI1,SNAI2,TWIST2,ZEB2,miR-200c,ZEB1,miR-141,TGF-beta",P,8
2617,"SNAI1,SNAI2,TWIST2,ZEB2,miR-200c,ZEB1,miR-141,TGF-beta,GSC,TWIST1",N,10
2618,"SNAI1,SNAI2,TWIST2,ZEB2,miR-200c,ZEB1,miR-141,TGF-beta,GSC",P,9
2619,"SNAI1,SNAI2,TWIST2,ZEB2,miR-200b,TGF-beta",N,6
2620,"SNAI1,SNAI2,TWIST2,ZEB2,miR-200b,TGF-beta,GSC,TWIST1",P,8
2621,"SNAI1,SNAI2,TWIST2,ZEB2,miR-200b,TGF-beta,GSC",N,7
2622,"SNAI1,SNAI2,TWIST2,ZEB2,miR-200b,ZEB1,miR-200a,TGF-beta",N,8
2623,"SNAI1,SNAI2,TWIST2,ZEB2,miR-200b,ZEB1,miR-200a,TGF-beta,GSC,TWIST1",P,10
2624,"SNAI1,SNAI2,TWIST2,ZEB2,miR-200b,ZEB1,miR-200a,TGF-beta,GSC",N,9
2625,"SNAI1,SNAI2,TWIST2,ZEB2,miR-200b,ZEB1,miR-200c,TGF-beta",N,8
2626,"SNAI1,SNAI2,TWIST2,ZEB2,miR-200b,ZEB1,miR-200c,TGF-beta,GSC,TWIST1",P,10
2627,"SNAI1,SNAI2,TWIST2,ZEB2,miR-200b,ZEB1,miR-200c,TGF-beta,GSC",N,9
2628,"SNAI1,SNAI2,TWIST2,ZEB2,miR-200b,ZEB1,miR-141,TGF-beta",N,8
2629,"SNAI1,SNAI2,TWIST2,ZEB2,miR-200b,ZEB1,miR-141,TGF-beta,GSC,TWIST1",P,10
2630,"SNAI1,SNAI2,TWIST2,ZEB2,miR-200b,ZEB1,miR-141,TGF-beta,GSC",N,9
2631,"SNAI1,SNAI2,TWIST2,ZEB1,miR-200a,TGF-beta",N,6
2632,"SNAI1,SNAI2,TWIST2,ZEB1,miR-200a,TGF-beta,GSC,TWIST1",P,8
2633,"SNAI1,SNAI2,TWIST2,ZEB1,miR-200a,TGF-beta,GSC",N,7
2634,"SNAI1,SNAI2,TWIST2,ZEB1,miR-200a,ZEB2,miR-200c,TGF-beta",P,8
2635,"SNAI1,SNAI2,TWIST2,ZEB1,miR-200a,ZEB2,miR-200c,TGF-beta,GSC,TWIST1",N,10
2636,"SNAI1,SNAI2,TWIST2,ZEB1,miR-200a,ZEB2,miR-200c,TGF-beta,GSC",P,9
2637,"SNAI1,SNAI2,TWIST2,ZEB1,miR-200a,ZEB2,miR-200b,TGF-beta",P,8
2638,"SNAI1,SNAI2,TWIST2,ZEB1,miR-200a,ZEB2,miR-200b,TGF-beta,GSC,TWIST1",N,10
2639,"SNAI1,SNAI2,TWIST2,ZEB1,miR-200a,ZEB2,miR-200b,TGF-beta,GSC",P,9
2640,"SNAI1,SNAI2,TWIST2,ZEB1,miR-200c,TGF-beta",N,6
2641,"SNAI1,SNAI2,TWIST2,ZEB1,miR-200c,TGF-beta,GSC,TWIST1",P,8
2642,"SNAI1,SNAI2,TWIST2,ZEB1,miR-200c,TGF-beta,GSC",N,7
2643,"SNAI1,SNAI2,TWIST2,ZEB1,miR-200c,ZEB2,miR-200a,TGF-beta",P,8
2644,"SNAI1,SNAI2,TWIST2,ZEB1,miR-200c,ZEB2,miR-200a,TGF-beta,GSC,TWIST1",N,10
2645,"SNAI1,SNAI2,TWIST2,ZEB1,miR-200c,ZEB2,miR-200a,TGF-beta,GSC",P,9
2646,"SNAI1,SNAI2,TWIST2,ZEB1,miR-200c,ZEB2,miR-200b,TGF-beta",P,8
2647,"SNAI1,SNAI2,TWIST2,ZEB1,miR-200c,ZEB2,miR-200b,TGF-beta,GSC,TWIST1",N,10
2648,"SNAI1,SNAI2,TWIST2,ZEB1,miR-200c,ZEB2,miR-200b,TGF-beta,GSC",P,9
2649,"SNAI1,SNAI2,TWIST2,ZEB1,miR-200b,TGF-beta",P,6
2650,"SNAI1,SNAI2,TWIST2,ZEB1,miR-200b,TGF-beta,GSC,TWIST1",N,8
2651,"SNAI1,SNAI2,TWIST2,ZEB1,miR-200b,TGF-beta,GSC",P,7
2652,"SNAI1,SNAI2,TWIST2,ZEB1,miR-200b,ZEB2,miR-200a,TGF-beta",N,8
2653,"SNAI1,SNAI2,TWIST2,ZEB1,miR-200b,ZEB2,miR-200a,TGF-beta,GSC,TWIST1",P,10
2654,"SNAI1,SNAI2,TWIST2,ZEB1,miR-200b,ZEB2,miR-200a,TGF-beta,GSC",N,9
2655,"SNAI1,SNAI2,TWIST2,ZEB1,miR-200b,ZEB2,miR-200c,TGF-beta",N,8
2656,"SNAI1,SNAI2,TWIST2,ZEB1,miR-200b,ZEB2,miR-200c,TGF-beta,GSC,TWIST1",P,10
2657,"SNAI1,SNAI2,TWIST2,ZEB1,miR-200b,ZEB2,miR-200c,TGF-beta,GSC",N,9
2658,"SNAI1,SNAI2,TWIST2,ZEB1,miR-141,TGF-beta",N,6
2659,"SNAI1,SNAI2,TWIST2,ZEB1,miR-141,TGF-beta,GSC,TWIST1",P,8
2660,"SNAI1,SNAI2,TWIST2,ZEB1,miR-141,TGF-beta,GSC",N,7
2661,"SNAI1,SNAI2,TWIST2,ZEB1,miR-141,ZEB2,miR-200a,TGF-beta",N,8
2662,"SNAI1,SNAI2,TWIST2,ZEB1,miR-141,ZEB2,miR-200a,TGF-beta,GSC,TWIST1",P,10
2663,"SNAI1,SNAI2,TWIST2,ZEB1,miR-141,ZEB2,miR-200a,TGF-beta,GSC",N,9
2664,"SNAI1,SNAI2,TWIST2,ZEB1,miR-141,ZEB2,miR-200c,TGF-beta",N,8
2665,"SNAI1,SNAI2,TWIST2,ZEB1,miR-141,ZEB2,miR-200c,TGF-beta,GSC,TWIST1",P,10
2666,"SNAI1,SNAI2,TWIST2,ZEB1,miR-141,ZEB2,miR-200c,TGF-beta,GSC",N,9
2667,"SNAI1,SNAI2,TWIST2,ZEB1,miR-141,ZEB2,miR-200b,TGF-beta",N,8
2668,"SNAI1,SNAI2,TWIST2,ZEB1,miR-141,ZEB2,miR-200b,TGF-beta,GSC,TWIST1",P,10
2669,"SNAI1,SNAI2,TWIST2,ZEB1,miR-141,ZEB2,miR-200b,TGF-beta,GSC",N,9
2670,"SNAI1,SNAI2,TWIST2,TWIST1,ZEB2,miR-200a,TGF-beta",N,7
2671,"SNAI1,SNAI2,TWIST2,TWIST1,ZEB2,miR-200a,TGF-beta,GSC",N,8
2672,"SNAI1,SNAI2,TWIST2,TWIST1,ZEB2,miR-200a,ZEB1,miR-200c,TGF-beta",P,9
2673,"SNAI1,SNAI2,TWIST2,TWIST1,ZEB2,miR-200a,ZEB1,miR-200c,TGF-beta,GSC",P,10
2674,"SNAI1,SNAI2,TWIST2,TWIST1,ZEB2,miR-200a,ZEB1,miR-200b,TGF-beta",N,9
2675,"SNAI1,SNAI2,TWIST2,TWIST1,ZEB2,miR-200a,ZEB1,miR-200b,TGF-beta,GSC",N,10
2676,"SNAI1,SNAI2,TWIST2,TWIST1,ZEB2,miR-200a,ZEB1,miR-141,TGF-beta",P,9
2677,"SNAI1,SNAI2,TWIST2,TWIST1,ZEB2,miR-200a,ZEB1,miR-141,TGF-beta,GSC",P,10
2678,"SNAI1,SNAI2,TWIST2,TWIST1,ZEB2,miR-200c,TGF-beta",N,7
2679,"SNAI1,SNAI2,TWIST2,TWIST1,ZEB2,miR-200c,TGF-beta,GSC",N,8
2680,"SNAI1,SNAI2,TWIST2,TWIST1,ZEB2,miR-200c,ZEB1,miR-200a,TGF-beta",P,9
2681,"SNAI1,SNAI2,TWIST2,TWIST1,ZEB2,miR-200c,ZEB1,miR-200a,TGF-beta,GSC",P,10
2682,"SNAI1,SNAI2,TWIST2,TWIST1,ZEB2,miR-200c,ZEB1,miR-200b,TGF-beta",N,9
2683,"SNAI1,SNAI2,TWIST2,TWIST1,ZEB2,miR-200c,ZEB1,miR-200b,TGF-beta,GSC",N,10
2684,"SNAI1,SNAI2,TWIST2,TWIST1,ZEB2,miR-200c,ZEB1,miR-141,TGF-beta",P,9
2685,"SNAI1,SNAI2,TWIST2,TWIST1,ZEB2,miR-200c,ZEB1,miR-141,TGF-beta,GSC",P,10
2686,"SNAI1,SNAI2,TWIST2,TWIST1,ZEB2,miR-200b,TGF-beta",N,7
2687,"SNAI1,SNAI2,TWIST2,TWIST1,ZEB2,miR-200b,TGF-beta,GSC",N,8
2688,"SNAI1,SNAI2,TWIST2,TWIST1,ZEB2,miR-200b,ZEB1,miR-200a,TGF-beta",N,9
2689,"SNAI1,SNAI2,TWIST2,TWIST1,ZEB2,miR-200b,ZEB1,miR-200a,TGF-beta,GSC",N,10
2690,"SNAI1,SNAI2,TWIST2,TWIST1,ZEB2,miR-200b,ZEB1,miR-200c,TGF-beta",N,9
2691,"SNAI1,SNAI2,TWIST2,TWIST1,ZEB2,miR-200b,ZEB1,miR-200c,TGF-beta,GSC",N,10
2692,"SNAI1,SNAI2,TWIST2,TWIST1,ZEB2,miR-200b,ZEB1,miR-141,TGF-beta",N,9
2693,"SNAI1,SNAI2,TWIST2,TWIST1,ZEB2,miR-200b,ZEB1,miR-141,TGF-beta,GSC",N,10
2694,"SNAI1,SNAI2,TWIST2,TWIST1,ZEB1,miR-200a,TGF-beta",P,7
2695,"SNAI1,SNAI2,TWIST2,TWIST1,ZEB1,miR-200a,TGF-beta,GSC",P,8
2696,"SNAI1,SNAI2,TWIST2,TWIST1,ZEB1,miR-200a,ZEB2,miR-200c,TGF-beta",N,9
2697,"SNAI1,SNAI2,TWIST2,TWIST1,ZEB1,miR-200a,ZEB2,miR-200c,TGF-beta,GSC",N,10
2698,"SNAI1,SNAI2,TWIST2,TWIST1,ZEB1,miR-200a,ZEB2,miR-200b,TGF-beta",N,9
2699,"SNAI1,SNAI2,TWIST2,TWIST1,ZEB1,miR-200a,ZEB2,miR-200b,TGF-beta,GSC",N,10
2700,"SNAI1,SNAI2,TWIST2,TWIST1,ZEB1,miR-200c,TGF-beta",P,7
2701,"SNAI1,SNAI2,TWIST2,TWIST1,ZEB1,miR-200c,TGF-beta,GSC",P,8
2702,"SNAI1,SNAI2,TWIST2,TWIST1,ZEB1,miR-200c,ZEB2,miR-200a,TGF-beta",N,9
2703,"SNAI1,SNAI2,TWIST2,TWIST1,ZEB1,miR-200c,ZEB2,miR-200a,TGF-beta,GSC",N,10
2704,"SNAI1,SNAI2,TWIST2,TWIST1,ZEB1,miR-200c,ZEB2,miR-200b,TGF-beta",N,9
2705,"SNAI1,SNAI2,TWIST2,TWIST1,ZEB1,miR-200c,ZEB2,miR-200b,TGF-beta,GSC",N,10
2706,"SNAI1,SNAI2,TWIST2,TWIST1,ZEB1,miR-200b,TGF-beta",N,7
2707,"SNAI1,SNAI2,TWIST2,TWIST1,ZEB1,miR-200b,TGF-beta,GSC",N,8
2708,"SNAI1,SNAI2,TWIST2,TWIST1,ZEB1,miR-200b,ZEB2,miR-200a,TGF-beta",P,9
2709,"SNAI1,SNAI2,TWIST2,TWIST1,ZEB1,miR-200b,ZEB2,miR-200a,TGF-beta,GSC",P,10
2710,"SNAI1,SNAI2,TWIST2,TWIST1,ZEB1,miR-200b,ZEB2,miR-200c,TGF-beta",P,9
2711,"SNAI1,SNAI2,TWIST2,TWIST1,ZEB1,miR-200b,ZEB2,miR-200c,TGF-beta,GSC",P,10
2712,"SNAI1,SNAI2,TWIST2,TWIST1,ZEB1,miR-141,TGF-beta",P,7
2713,"SNAI1,SNAI2,TWIST2,TWIST1,ZEB1,miR-141,TGF-beta,GSC",P,8
2714,"SNAI1,SNAI2,TWIST2,TWIST1,ZEB1,miR-141,ZEB2,miR-200a,TGF-beta",P,9
2715,"SNAI1,SNAI2,TWIST2,TWIST1,ZEB1,miR-141,ZEB2,miR-200a,TGF-beta,GSC",P,10
2716,"SNAI1,SNAI2,TWIST2,TWIST1,ZEB1,miR-141,ZEB2,miR-200c,TGF-beta",P,9
2717,"SNAI1,SNAI2,TWIST2,TWIST1,ZEB1,miR-141,ZEB2,miR-200c,TGF-beta,GSC",P,10
2718,"SNAI1,SNAI2,TWIST2,TWIST1,ZEB1,miR-141,ZEB2,miR-200b,TGF-beta",P,9
2719,"SNAI1,SNAI2,TWIST2,TWIST1,ZEB1,miR-141,ZEB2,miR-200b,TGF-beta,GSC",P,10
2720,"SNAI1,SNAI2,TWIST2,TWIST1",N,4
2721,"SNAI1,SNAI2,TWIST2,TWIST1,FOXC2,ZEB1,miR-200a,TGF-beta",P,8
2722,"SNAI1,SNAI2,TWIST2,TWIST1,FOXC2,ZEB1,miR-200a,TGF-beta,GSC",P,9
2723,"SNAI1,SNAI2,TWIST2,TWIST1,FOXC2,ZEB1,miR-200a,ZEB2,miR-200c,TGF-beta",N,10
2724,"SNAI1,SNAI2,TWIST2,TWIST1,FOXC2,ZEB1,miR-200a,ZEB2,miR-200c,TGF-beta,GSC",N,11
2725,"SNAI1,SNAI2,TWIST2,TWIST1,FOXC2,ZEB1,miR-200a,ZEB2,miR-200b,TGF-beta",N,10
2726,"SNAI1,SNAI2,TWIST2,TWIST1,FOXC2,ZEB1,miR-200a,ZEB2,miR-200b,TGF-beta,GSC",N,11
2727,"SNAI1,SNAI2,TWIST2,TWIST1,FOXC2,ZEB1,miR-200c,TGF-beta",P,8
2728,"SNAI1,SNAI2,TWIST2,TWIST1,FOXC2,ZEB1,miR-200c,TGF-beta,GSC",P,9
2729,"SNAI1,SNAI2,TWIST2,TWIST1,FOXC2,ZEB1,miR-200c,ZEB2,miR-200a,TGF-beta",N,10
2730,"SNAI1,SNAI2,TWIST2,TWIST1,FOXC2,ZEB1,miR-200c,ZEB2,miR-200a,TGF-beta,GSC",N,11
2731,"SNAI1,SNAI2,TWIST2,TWIST1,FOXC2,ZEB1,miR-200c,ZEB2,miR-200b,TGF-beta",N,10
2732,"SNAI1,SNAI2,TWIST2,TWIST1,FOXC2,ZEB1,miR-200c,ZEB2,miR-200b,TGF-beta,GSC",N,11
2733,"SNAI1,SNAI2,TWIST2,TWIST1,FOXC2,ZEB1,miR-200b,TGF-beta",N,8
2734,"SNAI1,SNAI2,TWIST2,TWIST1,FOXC2,ZEB1,miR-200b,TGF-beta,GSC",N,9
2735,"SNAI1,SNAI2,TWIST2,TWIST1,FOXC2,ZEB1,miR-200b,ZEB2,miR-200a,TGF-beta",P,10
2736,"SNAI1,SNAI2,TWIST2,TWIST1,FOXC2,ZEB1,miR-200b,ZEB2,miR-200a,TGF-beta,GSC",P,11
2737,"SNAI1,SNAI2,TWIST2,TWIST1,FOXC2,ZEB1,miR-200b,ZEB2,miR-200c,TGF-beta",P,10
2738,"SNAI1,SNAI2,TWIST2,TWIST1,FOXC2,ZEB1,miR-200b,ZEB2,miR-200c,TGF-beta,GSC",P,11
2739,"SNAI1,SNAI2,TWIST2,TWIST1,FOXC2,ZEB1,miR-141,TGF-beta",P,8
2740,"SNAI1,SNAI2,TWIST2,TWIST1,FOXC2,ZEB1,miR-141,TGF-beta,GSC",P,9
2741,"SNAI1,SNAI2,TWIST2,TWIST1,FOXC2,ZEB1,miR-141,ZEB2,miR-200a,TGF-beta",P,10
2742,"SNAI1,SNAI2,TWIST2,TWIST1,FOXC2,ZEB1,miR-141,ZEB2,miR-200a,TGF-beta,GSC",P,11
2743,"SNAI1,SNAI2,TWIST2,TWIST1,FOXC2,ZEB1,miR-141,ZEB2,miR-200c,TGF-beta",P,10
2744,"SNAI1,SNAI2,TWIST2,TWIST1,FOXC2,ZEB1,miR-141,ZEB2,miR-200c,TGF-beta,GSC",P,11
2745,"SNAI1,SNAI2,TWIST2,TWIST1,FOXC2,ZEB1,miR-141,ZEB2,miR-200b,TGF-beta",P,10
2746,"SNAI1,SNAI2,TWIST2,TWIST1,FOXC2,ZEB1,miR-141,ZEB2,miR-200b,TGF-beta,GSC",P,11
2747,"SNAI1,SNAI2,TWIST2",P,3
2748,"SNAI1,FOXC2,ZEB1,miR-200a,TGF-beta,SNAI2,miR-101",P,7
2749,"SNAI1,FOXC2,ZEB1,miR-200a,TGF-beta,SNAI2,TWIST2,TWIST1",P,8
2750,"SNAI1,FOXC2,ZEB1,miR-200a,TGF-beta,SNAI2,TWIST2",N,7
2751,"SNAI1,FOXC2,ZEB1,miR-200a,TGF-beta",P,5
2752,"SNAI1,FOXC2,ZEB1,miR-200a,TGF-beta,GSC,TWIST1,SNAI2,miR-101",N,9
2753,"SNAI1,FOXC2,ZEB1,miR-200a,TGF-beta,GSC,TWIST1,SNAI2,TWIST2",P,9
2754,"SNAI1,FOXC2,ZEB1,miR-200a,TGF-beta,GSC,TWIST1",N,7
2755,"SNAI1,FOXC2,ZEB1,miR-200a,TGF-beta,GSC",P,6
2756,"SNAI1,FOXC2,ZEB1,miR-200a,ZEB2,miR-200c,TGF-beta,SNAI2,miR-101",N,9
2757,"SNAI1,FOXC2,ZEB1,miR-200a,ZEB2,miR-200c,TGF-beta,SNAI2,TWIST2,TWIST1",N,10
2758,"SNAI1,FOXC2,ZEB1,miR-200a,ZEB2,miR-200c,TGF-beta,SNAI2,TWIST2",P,9
2759,"SNAI1,FOXC2,ZEB1,miR-200a,ZEB2,miR-200c,TGF-beta",N,7
2760,"SNAI1,FOXC2,ZEB1,miR-200a,ZEB2,miR-200c,TGF-beta,GSC,TWIST1,SNAI2,miR-101",P,11
2761,"SNAI1,FOXC2,ZEB1,miR-200a,ZEB2,miR-200c,TGF-beta,GSC,TWIST1,SNAI2,TWIST2",N,11
2762,"SNAI1,FOXC2,ZEB1,miR-200a,ZEB2,miR-200c,TGF-beta,GSC,TWIST1",P,9
2763,"SNAI1,FOXC2,ZEB1,miR-200a,ZEB2,miR-200c,TGF-beta,GSC",N,8
2764,"SNAI1,FOXC2,ZEB1,miR-200a,ZEB2,miR-200b,TGF-beta,SNAI2,miR-101",N,9
2765,"SNAI1,FOXC2,ZEB1,miR-200a,ZEB2,miR-200b,TGF-beta,SNAI2,TWIST2,TWIST1",N,10
2766,"SNAI1,FOXC2,ZEB1,miR-200a,ZEB2,miR-200b,TGF-beta,SNAI2,TWIST2",P,9
2767,"SNAI1,FOXC2,ZEB1,miR-200a,ZEB2,miR-200b,TGF-beta",N,7
2768,"SNAI1,FOXC2,ZEB1,miR-200a,ZEB2,miR-200b,TGF-beta,GSC,TWIST1,SNAI2,miR-101",P,11
2769,"SNAI1,FOXC2,ZEB1,miR-200a,ZEB2,miR-200b,TGF-beta,GSC,TWIST1,SNAI2,TWIST2",N,11
2770,"SNAI1,FOXC2,ZEB1,miR-200a,ZEB2,miR-200b,TGF-beta,GSC,TWIST1",P,9
2771,"SNAI1,FOXC2,ZEB1,miR-200a,ZEB2,miR-200b,TGF-beta,GSC",N,8
2772,"SNAI1,FOXC2,ZEB1,miR-200c,TGF-beta,SNAI2,miR-101",P,7
2773,"SNAI1,FOXC2,ZEB1,miR-200c,TGF-beta,SNAI2,TWIST2,TWIST1",P,8
2774,"SNAI1,FOXC2,ZEB1,miR-200c,TGF-beta,SNAI2,TWIST2",N,7
2775,"SNAI1,FOXC2,ZEB1,miR-200c,TGF-beta",P,5
2776,"SNAI1,FOXC2,ZEB1,miR-200c,TGF-beta,GSC,TWIST1,SNAI2,miR-101",N,9
2777,"SNAI1,FOXC2,ZEB1,miR-200c,TGF-beta,GSC,TWIST1,SNAI2,TWIST2",P,9
2778,"SNAI1,FOXC2,ZEB1,miR-200c,TGF-beta,GSC,TWIST1",N,7
2779,"SNAI1,FOXC2,ZEB1,miR-200c,TGF-beta,GSC",P,6
2780,"SNAI1,FOXC2,ZEB1,miR-200c,ZEB2,miR-200a,TGF-beta,SNAI2,miR-101",N,9
2781,"SNAI1,FOXC2,ZEB1,miR-200c,ZEB2,miR-200a,TGF-beta,SNAI2,TWIST2,TWIST1",N,10
2782,"SNAI1,FOXC2,ZEB1,miR-200c,ZEB2,miR-200a,TGF-beta,SNAI2,TWIST2",P,9
2783,"SNAI1,FOXC2,ZEB1,miR-200c,ZEB2,miR-200a,TGF-beta",N,7
2784,"SNAI1,FOXC2,ZEB1,miR-200c,ZEB2,miR-200a,TGF-beta,GSC,TWIST1,SNAI2,miR-101",P,11
2785,"SNAI1,FOXC2,ZEB1,miR-200c,ZEB2,miR-200a,TGF-beta,GSC,TWIST1,SNAI2,TWIST2",N,11
2786,"SNAI1,FOXC2,ZEB1,miR-200c,ZEB2,miR-200a,TGF-beta,GSC,TWIST1",P,9
2787,"SNAI1,FOXC2,ZEB1,miR-200c,ZEB2,miR-200a,TGF-beta,GSC",N,8
2788,"SNAI1,FOXC2,ZEB1,miR-200c,ZEB2,miR-200b,TGF-beta,SNAI2,miR-101",N,9
2789,"SNAI1,FOXC2,ZEB1,miR-200c,ZEB2,miR-200b,TGF-beta,SNAI2,TWIST2,TWIST1",N,10
2790,"SNAI1,FOXC2,ZEB1,miR-200c,ZEB2,miR-200b,TGF-beta,SNAI2,TWIST2",P,9
2791,"SNAI1,FOXC2,ZEB1,miR-200c,ZEB2,miR-200b,TGF-beta",N,7
2792,"SNAI1,FOXC2,ZEB1,miR-200c,ZEB2,miR-200b,TGF-beta,GSC,TWIST1,SNAI2,miR-101",P,11
2793,"SNAI1,FOXC2,ZEB1,miR-200c,ZEB2,miR-200b,TGF-beta,GSC,TWIST1,SNAI2,TWIST2",N,11
2794,"SNAI1,FOXC2,ZEB1,miR-200c,ZEB2,miR-200b,TGF-beta,GSC,TWIST1",P,9
2795,"SNAI1,FOXC2,ZEB1,miR-200c,ZEB2,miR-200b,TGF-beta,GSC",N,8
2796,"SNAI1,FOXC2,ZEB1,miR-200b,TGF-beta,SNAI2,miR-101",N,7
2797,"SNAI1,FOXC2,ZEB1,miR-200b,TGF-beta,SNAI2,TWIST2,TWIST1",N,8
2798,"SNAI1,FOXC2,ZEB1,miR-200b,TGF-beta,SNAI2,TWIST2",P,7
2799,"SNAI1,FOXC2,ZEB1,miR-200b,TGF-beta",N,5
2800,"SNAI1,FOXC2,ZEB1,miR-200b,TGF-beta,GSC,TWIST1,SNAI2,miR-101",P,9
2801,"SNAI1,FOXC2,ZEB1,miR-200b,TGF-beta,GSC,TWIST1,SNAI2,TWIST2",N,9
2802,"SNAI1,FOXC2,ZEB1,miR-200b,TGF-beta,GSC,TWIST1",P,7
2803,"SNAI1,FOXC2,ZEB1,miR-200b,TGF-beta,GSC",N,6
2804,"SNAI1,FOXC2,ZEB1,miR-200b,ZEB2,miR-200a,TGF-beta,SNAI2,miR-101",P,9
2805,"SNAI1,FOXC2,ZEB1,miR-200b,ZEB2,miR-200a,TGF-beta,SNAI2,TWIST2,TWIST1",P,10
2806,"SNAI1,FOXC2,ZEB1,miR-200b,ZEB2,miR-200a,TGF-beta,SNAI2,TWIST2",N,9
2807,"SNAI1,FOXC2,ZEB1,miR-200b,ZEB2,miR-200a,TGF-beta",P,7
2808,"SNAI1,FOXC2,ZEB1,miR-200b,ZEB2,miR-200a,TGF-beta,GSC,TWIST1,SNAI2,miR-101",N,11
2809,"SNAI1,FOXC2,ZEB1,miR-200b,ZEB2,miR-200a,TGF-beta,GSC,TWIST1,SNAI2,TWIST2",P,11
2810,"SNAI1,FOXC2,ZEB1,miR-200b,ZEB2,miR-200a,TGF-beta,GSC,TWIST1",N,9
2811,"SNAI1,FOXC2,ZEB1,miR-200b,ZEB2,miR-200a,TGF-beta,GSC",P,8
2812,"SNAI1,FOXC2,ZEB1,miR-200b,ZEB2,miR-200c,TGF-beta,SNAI2,miR-101",P,9
2813,"SNAI1,FOXC2,ZEB1,miR-200b,ZEB2,miR-200c,TGF-beta,SNAI2,TWIST2,TWIST1",P,10
2814,"SNAI1,FOXC2,ZEB1,miR-200b,ZEB2,miR-200c,TGF-beta,SNAI2,TWIST2",N,9
2815,"SNAI1,FOXC2,ZEB1,miR-200b,ZEB2,miR-200c,TGF-beta",P,7
2816,"SNAI1,FOXC2,ZEB1,miR-200b,ZEB2,miR-200c,TGF-beta,GSC,TWIST1,SNAI2,miR-101",N,11
2817,"SNAI1,FOXC2,ZEB1,miR-200b,ZEB2,miR-200c,TGF-beta,GSC,TWIST1,SNAI2,TWIST2",P,11
2818,"SNAI1,FOXC2,ZEB1,miR-200b,ZEB2,miR-200c,TGF-beta,GSC,TWIST1",N,9
2819,"SNAI1,FOXC2,ZEB1,miR-200b,ZEB2,miR-200c,TGF-beta,GSC",P,8
2820,"SNAI1,FOXC2,ZEB1,miR-141,TGF-beta,SNAI2,miR-101",P,7
2821,"SNAI1,FOXC2,ZEB1,miR-141,TGF-beta,SNAI2,TWIST2,TWIST1",P,8
2822,"SNAI1,FOXC2,ZEB1,miR-141,TGF-beta,SNAI2,TWIST2",N,7
2823,"SNAI1,FOXC2,ZEB1,miR-141,TGF-beta",P,5
2824,"SNAI1,FOXC2,ZEB1,miR-141,TGF-beta,GSC,TWIST1,SNAI2,miR-101",N,9
2825,"SNAI1,FOXC2,ZEB1,miR-141,TGF-beta,GSC,TWIST1,SNAI2,TWIST2",P,9
2826,"SNAI1,FOXC2,ZEB1,miR-141,TGF-beta,GSC,TWIST1",N,7
2827,"SNAI1,FOXC2,ZEB1,miR-141,TGF-beta,GSC",P,6
2828,"SNAI1,FOXC2,ZEB1,miR-141,ZEB2,miR-200a,TGF-beta,SNAI2,miR-101",P,9
2829,"SNAI1,FOXC2,ZEB1,miR-141,ZEB2,miR-200a,TGF-beta,SNAI2,TWIST2,TWIST1",P,10
2830,"SNAI1,FOXC2,ZEB1,miR-141,ZEB2,miR-200a,TGF-beta,SNAI2,TWIST2",N,9
2831,"SNAI1,FOXC2,ZEB1,miR-141,ZEB2,miR-200a,TGF-beta",P,7
2832,"SNAI1,FOXC2,ZEB1,miR-141,ZEB2,miR-200a,TGF-beta,GSC,TWIST1,SNAI2,miR-101",N,11
2833,"SNAI1,FOXC2,ZEB1,miR-141,ZEB2,miR-200a,TGF-beta,GSC,TWIST1,SNAI2,TWIST2",P,11
2834,"SNAI1,FOXC2,ZEB1,miR-141,ZEB2,miR-200a,TGF-beta,GSC,TWIST1",N,9
2835,"SNAI1,FOXC2,ZEB1,miR-141,ZEB2,miR-200a,TGF-beta,GSC",P,8
2836,"SNAI1,FOXC2,ZEB1,miR-141,ZEB2,miR-200c,TGF-beta,SNAI2,miR-101",P,9
2837,"SNAI1,FOXC2,ZEB1,miR-141,ZEB2,miR-200c,TGF-beta,SNAI2,TWIST2,TWIST1",P,10
2838,"SNAI1,FOXC2,ZEB1,miR-141,ZEB2,miR-200c,TGF-beta,SNAI2,TWIST2",N,9
2839,"SNAI1,FOXC2,ZEB1,miR-141,ZEB2,miR-200c,TGF-beta",P,7
2840,"SNAI1,FOXC2,ZEB1,miR-141,ZEB2,miR-200c,TGF-beta,GSC,TWIST1,SNAI2,miR-101",N,11
2841,"SNAI1,FOXC2,ZEB1,miR-141,ZEB2,miR-200c,TGF-beta,GSC,TWIST1,SNAI2,TWIST2",P,11
2842,"SNAI1,FOXC2,ZEB1,miR-141,ZEB2,miR-200c,TGF-beta,GSC,TWIST1",N,9
2843,"SNAI1,FOXC2,ZEB1,miR-141,ZEB2,miR-200c,TGF-beta,GSC",P,8
2844,"SNAI1,FOXC2,ZEB1,miR-141,ZEB2,miR-200b,TGF-beta,SNAI2,miR-101",P,9
2845,"SNAI1,FOXC2,ZEB1,miR-141,ZEB2,miR-200b,TGF-beta,SNAI2,TWIST2,TWIST1",P,10
2846,"SNAI1,FOXC2,ZEB1,miR-141,ZEB2,miR-200b,TGF-beta,SNAI2,TWIST2",N,9
2847,"SNAI1,FOXC2,ZEB1,miR-141,ZEB2,miR-200b,TGF-beta",P,7
2848,"SNAI1,FOXC2,ZEB1,miR-141,ZEB2,miR-200b,TGF-beta,GSC,TWIST1,SNAI2,miR-101",N,11
2849,"SNAI1,FOXC2,ZEB1,miR-141,ZEB2,miR-200b,TGF-beta,GSC,TWIST1,SNAI2,TWIST2",P,11
2850,"SNAI1,FOXC2,ZEB1,miR-141,ZEB2,miR-200b,TGF-beta,GSC,TWIST1",N,9
2851,"SNAI1,FOXC2,ZEB1,miR-141,ZEB2,miR-200b,TGF-beta,GSC",P,8
2852,"TGF-beta,SNAI2,miR-200b",P,3
2853,"TGF-beta,SNAI2,miR-200b,ZEB2,miR-200a",N,5
2854,"TGF-beta,SNAI2,miR-200b,ZEB2,miR-200a,ZEB1,miR-200c",P,7
2855,"TGF-beta,SNAI2,miR-200b,ZEB2,miR-200a,ZEB1,miR-141",P,7
2856,"TGF-beta,SNAI2,miR-200b,ZEB2,miR-200c",N,5
2857,"TGF-beta,SNAI2,miR-200b,ZEB2,miR-200c,ZEB1,miR-200a",P,7
2858,"TGF-beta,SNAI2,miR-200b,ZEB2,miR-200c,ZEB1,miR-141",P,7
2859,"TGF-beta,SNAI2,miR-200b,ZEB1,miR-200a",P,5
2860,"TGF-beta,SNAI2,miR-200b,ZEB1,miR-200a,ZEB2,miR-200c",N,7
2861,"TGF-beta,SNAI2,miR-200b,ZEB1,miR-200c",P,5
2862,"TGF-beta,SNAI2,miR-200b,ZEB1,miR-200c,ZEB2,miR-200a",N,7
2863,"TGF-beta,SNAI2,miR-200b,ZEB1,miR-141",P,5
2864,"TGF-beta,SNAI2,miR-200b,ZEB1,miR-141,ZEB2,miR-200a",P,7
2865,"TGF-beta,SNAI2,miR-200b,ZEB1,miR-141,ZEB2,miR-200c",P,7
2866,"TGF-beta,SNAI2,miR-101,ZEB2,miR-200a",P,5
2867,"TGF-beta,SNAI2,miR-101,ZEB2,miR-200a,ZEB1,miR-200c",N,7
2868,"TGF-beta,SNAI2,miR-101,ZEB2,miR-200a,ZEB1,miR-200b",P,7
2869,"TGF-beta,SNAI2,miR-101,ZEB2,miR-200a,ZEB1,miR-141",N,7
2870,"TGF-beta,SNAI2,miR-101,ZEB2,miR-200c",P,5
2871,"TGF-beta,SNAI2,miR-101,ZEB2,miR-200c,ZEB1,miR-200a",N,7
2872,"TGF-beta,SNAI2,miR-101,ZEB2,miR-200c,ZEB1,miR-200b",P,7
2873,"TGF-beta,SNAI2,miR-101,ZEB2,miR-200c,ZEB1,miR-141",N,7
2874,"TGF-beta,SNAI2,miR-101,ZEB2,miR-200b",P,5
2875,"TGF-beta,SNAI2,miR-101,ZEB2,miR-200b,ZEB1,miR-200a",P,7
2876,"TGF-beta,SNAI2,miR-101,ZEB2,miR-200b,ZEB1,miR-200c",P,7
2877,"TGF-beta,SNAI2,miR-101,ZEB2,miR-200b,ZEB1,miR-141",P,7
2878,"TGF-beta,SNAI2,miR-101,ZEB1,miR-200a",P,5
2879,"TGF-beta,SNAI2,miR-101,ZEB1,miR-200a,ZEB2,miR-200c",N,7
2880,"TGF-beta,SNAI2,miR-101,ZEB1,miR-200a,ZEB2,miR-200b",N,7
2881,"TGF-beta,SNAI2,miR-101,ZEB1,miR-200c",P,5
2882,"TGF-beta,SNAI2,miR-101,ZEB1,miR-200c,ZEB2,miR-200a",N,7
2883,"TGF-beta,SNAI2,miR-101,ZEB1,miR-200c,ZEB2,miR-200b",N,7
2884,"TGF-beta,SNAI2,miR-101,ZEB1,miR-200b",N,5
2885,"TGF-beta,SNAI2,miR-101,ZEB1,miR-200b,ZEB2,miR-200a",P,7
2886,"TGF-beta,SNAI2,miR-101,ZEB1,miR-200b,ZEB2,miR-200c",P,7
2887,"TGF-beta,SNAI2,miR-101,ZEB1,miR-141",P,5
2888,"TGF-beta,SNAI2,miR-101,ZEB1,miR-141,ZEB2,miR-200a",P,7
2889,"TGF-beta,SNAI2,miR-101,ZEB1,miR-141,ZEB2,miR-200c",P,7
2890,"TGF-beta,SNAI2,miR-101,ZEB1,miR-141,ZEB2,miR-200b",P,7
2891,"TGF-beta,SNAI2,TWIST2,ZEB2,miR-200a",P,5
2892,"TGF-beta,SNAI2,TWIST2,ZEB2,miR-200a,ZEB1,miR-200c",N,7
2893,"TGF-beta,SNAI2,TWIST2,ZEB2,miR-200a,ZEB1,miR-200b",P,7
2894,"TGF-beta,SNAI2,TWIST2,ZEB2,miR-200a,ZEB1,miR-141",N,7
2895,"TGF-beta,SNAI2,TWIST2,ZEB2,miR-200c",P,5
2896,"TGF-beta,SNAI2,TWIST2,ZEB2,miR-200c,ZEB1,miR-200a",N,7
2897,"TGF-beta,SNAI2,TWIST2,ZEB2,miR-200c,ZEB1,miR-200b",P,7
2898,"TGF-beta,SNAI2,TWIST2,ZEB2,miR-200c,ZEB1,miR-141",N,7
2899,"TGF-beta,SNAI2,TWIST2,ZEB2,miR-200b",P,5
2900,"TGF-beta,SNAI2,TWIST2,ZEB2,miR-200b,ZEB1,miR-200a",P,7
2901,"TGF-beta,SNAI2,TWIST2,ZEB2,miR-200b,ZEB1,miR-200c",P,7
2902,"TGF-beta,SNAI2,TWIST2,ZEB2,miR-200b,ZEB1,miR-141",P,7
2903,"TGF-beta,SNAI2,TWIST2,ZEB1,miR-200a",P,5
2904,"TGF-beta,SNAI2,TWIST2,ZEB1,miR-200a,ZEB2,miR-200c",N,7
2905,"TGF-beta,SNAI2,TWIST2,ZEB1,miR-200a,ZEB2,miR-200b",N,7
2906,"TGF-beta,SNAI2,TWIST2,ZEB1,miR-200c",P,5
2907,"TGF-beta,SNAI2,TWIST2,ZEB1,miR-200c,ZEB2,miR-200a",N,7
2908,"TGF-beta,SNAI2,TWIST2,ZEB1,miR-200c,ZEB2,miR-200b",N,7
2909,"TGF-beta,SNAI2,TWIST2,ZEB1,miR-200b",N,5
2910,"TGF-beta,SNAI2,TWIST2,ZEB1,miR-200b,ZEB2,miR-200a",P,7
2911,"TGF-beta,SNAI2,TWIST2,ZEB1,miR-200b,ZEB2,miR-200c",P,7
2912,"TGF-beta,SNAI2,TWIST2,ZEB1,miR-141",P,5
2913,"TGF-beta,SNAI2,TWIST2,ZEB1,miR-141,ZEB2,miR-200a",P,7
2914,"TGF-beta,SNAI2,TWIST2,ZEB1,miR-141,ZEB2,miR-200c",P,7
2915,"TGF-beta,SNAI2,TWIST2,ZEB1,miR-141,ZEB2,miR-200b",P,7
2916,"TGF-beta,SNAI2,TWIST2,TWIST1,ZEB2,miR-200a",P,6
2917,"TGF-beta,SNAI2,TWIST2,TWIST1,ZEB2,miR-200a,ZEB1,miR-200c",N,8
2918,"TGF-beta,SNAI2,TWIST2,TWIST1,ZEB2,miR-200a,ZEB1,miR-200b",P,8
2919,"TGF-beta,SNAI2,TWIST2,TWIST1,ZEB2,miR-200a,ZEB1,miR-141",N,8
2920,"TGF-beta,SNAI2,TWIST2,TWIST1,ZEB2,miR-200c",P,6
2921,"TGF-beta,SNAI2,TWIST2,TWIST1,ZEB2,miR-200c,ZEB1,miR-200a",N,8
2922,"TGF-beta,SNAI2,TWIST2,TWIST1,ZEB2,miR-200c,ZEB1,miR-200b",P,8
2923,"TGF-beta,SNAI2,TWIST2,TWIST1,ZEB2,miR-200c,ZEB1,miR-141",N,8
2924,"TGF-beta,SNAI2,TWIST2,TWIST1,ZEB2,miR-200b",P,6
2925,"TGF-beta,SNAI2,TWIST2,TWIST1,ZEB2,miR-200b,ZEB1,miR-200a",P,8
2926,"TGF-beta,SNAI2,TWIST2,TWIST1,ZEB2,miR-200b,ZEB1,miR-200c",P,8
2927,"TGF-beta,SNAI2,TWIST2,TWIST1,ZEB2,miR-200b,ZEB1,miR-141",P,8
2928,"TGF-beta,SNAI2,TWIST2,TWIST1,ZEB1,miR-200a",N,6
2929,"TGF-beta,SNAI2,TWIST2,TWIST1,ZEB1,miR-200a,ZEB2,miR-200c",P,8
2930,"TGF-beta,SNAI2,TWIST2,TWIST1,ZEB1,miR-200a,ZEB2,miR-200b",P,8
2931,"TGF-beta,SNAI2,TWIST2,TWIST1,ZEB1,miR-200c",N,6
2932,"TGF-beta,SNAI2,TWIST2,TWIST1,ZEB1,miR-200c,ZEB2,miR-200a",P,8
2933,"TGF-beta,SNAI2,TWIST2,TWIST1,ZEB1,miR-200c,ZEB2,miR-200b",P,8
2934,"TGF-beta,SNAI2,TWIST2,TWIST1,ZEB1,miR-200b",P,6
2935,"TGF-beta,SNAI2,TWIST2,TWIST1,ZEB1,miR-200b,ZEB2,miR-200a",N,8
2936,"TGF-beta,SNAI2,TWIST2,TWIST1,ZEB1,miR-200b,ZEB2,miR-200c",N,8
2937,"TGF-beta,SNAI2,TWIST2,TWIST1,ZEB1,miR-141",N,6
2938,"TGF-beta,SNAI2,TWIST2,TWIST1,ZEB1,miR-141,ZEB2,miR-200a",N,8
2939,"TGF-beta,SNAI2,TWIST2,TWIST1,ZEB1,miR-141,ZEB2,miR-200c",N,8
2940,"TGF-beta,SNAI2,TWIST2,TWIST1,ZEB1,miR-141,ZEB2,miR-200b",N,8
2941,"TGF-beta,SNAI2,TWIST2,TWIST1,FOXC2,ZEB1,miR-200a",N,7
2942,"TGF-beta,SNAI2,TWIST2,TWIST1,FOXC2,ZEB1,miR-200a,ZEB2,miR-200c",P,9
2943,"TGF-beta,SNAI2,TWIST2,TWIST1,FOXC2,ZEB1,miR-200a,ZEB2,miR-200b",P,9
2944,"TGF-beta,SNAI2,TWIST2,TWIST1,FOXC2,ZEB1,miR-200c",N,7
2945,"TGF-beta,SNAI2,TWIST2,TWIST1,FOXC2,ZEB1,miR-200c,ZEB2,miR-200a",P,9
2946,"TGF-beta,SNAI2,TWIST2,TWIST1,FOXC2,ZEB1,miR-200c,ZEB2,miR-200b",P,9
2947,"TGF-beta,SNAI2,TWIST2,TWIST1,FOXC2,ZEB1,miR-200b",P,7
2948,"TGF-beta,SNAI2,TWIST2,TWIST1,FOXC2,ZEB1,miR-200b,ZEB2,miR-200a",N,9
2949,"TGF-beta,SNAI2,TWIST2,TWIST1,FOXC2,ZEB1,miR-200b,ZEB2,miR-200c",N,9
2950,"TGF-beta,SNAI2,TWIST2,TWIST1,FOXC2,ZEB1,miR-141",N,7
2951,"TGF-beta,SNAI2,TWIST2,TWIST1,FOXC2,ZEB1,miR-141,ZEB2,miR-200a",N,9
2952,"TGF-beta,SNAI2,TWIST2,TWIST1,FOXC2,ZEB1,miR-141,ZEB2,miR-200c",N,9
2953,"TGF-beta,SNAI2,TWIST2,TWIST1,FOXC2,ZEB1,miR-141,ZEB2,miR-200b",N,9
2954,"TGF-beta,GSC,ZEB2,miR-200a",P,4
2955,"TGF-beta,GSC,ZEB2,miR-200a,ZEB1,miR-200c",N,6
2956,"TGF-beta,GSC,ZEB2,miR-200a,ZEB1,miR-200b",P,6
2957,"TGF-beta,GSC,ZEB2,miR-200a,ZEB1,miR-141",N,6
2958,"TGF-beta,GSC,ZEB2,miR-200c",P,4
2959,"TGF-beta,GSC,ZEB2,miR-200c,ZEB1,miR-200a",N,6
2960,"TGF-beta,GSC,ZEB2,miR-200c,ZEB1,miR-200b",P,6
2961,"TGF-beta,GSC,ZEB2,miR-200c,ZEB1,miR-141",N,6
2962,"TGF-beta,GSC,ZEB2,miR-200b",P,4
2963,"TGF-beta,GSC,ZEB2,miR-200b,ZEB1,miR-200a",P,6
2964,"TGF-beta,GSC,ZEB2,miR-200b,ZEB1,miR-200c",P,6
2965,"TGF-beta,GSC,ZEB2,miR-200b,ZEB1,miR-141",P,6
2966,"TGF-beta,GSC,ZEB1,miR-200a",N,4
2967,"TGF-beta,GSC,ZEB1,miR-200a,ZEB2,miR-200c",P,6
2968,"TGF-beta,GSC,ZEB1,miR-200a,ZEB2,miR-200b",P,6
2969,"TGF-beta,GSC,ZEB1,miR-200c",N,4
2970,"TGF-beta,GSC,ZEB1,miR-200c,ZEB2,miR-200a",P,6
2971,"TGF-beta,GSC,ZEB1,miR-200c,ZEB2,miR-200b",P,6
2972,"TGF-beta,GSC,ZEB1,miR-200b",P,4
2973,"TGF-beta,GSC,ZEB1,miR-200b,ZEB2,miR-200a",N,6
2974,"TGF-beta,GSC,ZEB1,miR-200b,ZEB2,miR-200c",N,6
2975,"TGF-beta,GSC,ZEB1,miR-141",N,4
2976,"TGF-beta,GSC,ZEB1,miR-141,ZEB2,miR-200a",N,6
2977,"TGF-beta,GSC,ZEB1,miR-141,ZEB2,miR-200c",N,6
2978,"TGF-beta,GSC,ZEB1,miR-141,ZEB2,miR-200b",N,6
2979,"TGF-beta,GSC,FOXC2,ZEB1,miR-200a",N,5
2980,"TGF-beta,GSC,FOXC2,ZEB1,miR-200a,ZEB2,miR-200c",P,7
2981,"TGF-beta,GSC,FOXC2,ZEB1,miR-200a,ZEB2,miR-200b",P,7
2982,"TGF-beta,GSC,FOXC2,ZEB1,miR-200c",N,5
2983,"TGF-beta,GSC,FOXC2,ZEB1,miR-200c,ZEB2,miR-200a",P,7
2984,"TGF-beta,GSC,FOXC2,ZEB1,miR-200c,ZEB2,miR-200b",P,7
2985,"TGF-beta,GSC,FOXC2,ZEB1,miR-200b",P,5
2986,"TGF-beta,GSC,FOXC2,ZEB1,miR-200b,ZEB2,miR-200a",N,7
2987,"TGF-beta,GSC,FOXC2,ZEB1,miR-200b,ZEB2,miR-200c",N,7
2988,"TGF-beta,GSC,FOXC2,ZEB1,miR-141",N,5
2989,"TGF-beta,GSC,FOXC2,ZEB1,miR-141,ZEB2,miR-200a",N,7
2990,"TGF-beta,GSC,FOXC2,ZEB1,miR-141,ZEB2,miR-200c",N,7
2991,"TGF-beta,GSC,FOXC2,ZEB1,miR-141,ZEB2,miR-200b",N,7
2992,"TGF-beta,GSC,TWIST1,ZEB2,miR-200a",N,5
2993,"TGF-beta,GSC,TWIST1,ZEB2,miR-200a,ZEB1,miR-200c",P,7
2994,"TGF-beta,GSC,TWIST1,ZEB2,miR-200a,ZEB1,miR-200b",N,7
2995,"TGF-beta,GSC,TWIST1,ZEB2,miR-200a,ZEB1,miR-141",P,7
2996,"TGF-beta,GSC,TWIST1,ZEB2,miR-200c",N,5
2997,"TGF-beta,GSC,TWIST1,ZEB2,miR-200c,ZEB1,miR-200a",P,7
2998,"TGF-beta,GSC,TWIST1,ZEB2,miR-200c,ZEB1,miR-200b",N,7
2999,"TGF-beta,GSC,TWIST1,ZEB2,miR-200c,ZEB1,miR-141",P,7
3000,"TGF-beta,GSC,TWIST1,ZEB2,miR-200b",N,5
3001,"TGF-beta,GSC,TWIST1,ZEB2,miR-200b,ZEB1,miR-200a",N,7
3002,"TGF-beta,GSC,TWIST1,ZEB2,miR-200b,ZEB1,miR-200c",N,7
3003,"TGF-beta,GSC,TWIST1,ZEB2,miR-200b,ZEB1,miR-141",N,7
3004,"TGF-beta,GSC,TWIST1,ZEB1,miR-200a",P,5
3005,"TGF-beta,GSC,TWIST1,ZEB1,miR-200a,ZEB2,miR-200c",N,7
3006,"TGF-beta,GSC,TWIST1,ZEB1,miR-200a,ZEB2,miR-200b",N,7
3007,"TGF-beta,GSC,TWIST1,ZEB1,miR-200c",P,5
3008,"TGF-beta,GSC,TWIST1,ZEB1,miR-200c,ZEB2,miR-200a",N,7
3009,"TGF-beta,GSC,TWIST1,ZEB1,miR-200c,ZEB2,miR-200b",N,7
3010,"TGF-beta,GSC,TWIST1,ZEB1,miR-200b",N,5
3011,"TGF-beta,GSC,TWIST1,ZEB1,miR-200b,ZEB2,miR-200a",P,7
3012,"TGF-beta,GSC,TWIST1,ZEB1,miR-200b,ZEB2,miR-200c",P,7
3013,"TGF-beta,GSC,TWIST1,ZEB1,miR-141",P,5
3014,"TGF-beta,GSC,TWIST1,ZEB1,miR-141,ZEB2,miR-200a",P,7
3015,"TGF-beta,GSC,TWIST1,ZEB1,miR-141,ZEB2,miR-200c",P,7
3016,"TGF-beta,GSC,TWIST1,ZEB1,miR-141,ZEB2,miR-200b",P,7
3017,"TGF-beta,GSC,TWIST1,SNAI2,miR-200b",N,5
3018,"TGF-beta,GSC,TWIST1,SNAI2,miR-200b,ZEB2,miR-200a",P,7
3019,"TGF-beta,GSC,TWIST1,SNAI2,miR-200b,ZEB2,miR-200a,ZEB1,miR-200c",N,9
3020,"TGF-beta,GSC,TWIST1,SNAI2,miR-200b,ZEB2,miR-200a,ZEB1,miR-141",N,9
3021,"TGF-beta,GSC,TWIST1,SNAI2,miR-200b,ZEB2,miR-200c",P,7
3022,"TGF-beta,GSC,TWIST1,SNAI2,miR-200b,ZEB2,miR-200c,ZEB1,miR-200a",N,9
3023,"TGF-beta,GSC,TWIST1,SNAI2,miR-200b,ZEB2,miR-200c,ZEB1,miR-141",N,9
3024,"TGF-beta,GSC,TWIST1,SNAI2,miR-200b,ZEB1,miR-200a",N,7
3025,"TGF-beta,GSC,TWIST1,SNAI2,miR-200b,ZEB1,miR-200a,ZEB2,miR-200c",P,9
3026,"TGF-beta,GSC,TWIST1,SNAI2,miR-200b,ZEB1,miR-200c",N,7
3027,"TGF-beta,GSC,TWIST1,SNAI2,miR-200b,ZEB1,miR-200c,ZEB2,miR-200a",P,9
3028,"TGF-beta,GSC,TWIST1,SNAI2,miR-200b,ZEB1,miR-141",N,7
3029,"TGF-beta,GSC,TWIST1,SNAI2,miR-200b,ZEB1,miR-141,ZEB2,miR-200a",N,9
3030,"TGF-beta,GSC,TWIST1,SNAI2,miR-200b,ZEB1,miR-141,ZEB2,miR-200c",N,9
3031,"TGF-beta,GSC,TWIST1,SNAI2,miR-101,ZEB2,miR-200a",N,7
3032,"TGF-beta,GSC,TWIST1,SNAI2,miR-101,ZEB2,miR-200a,ZEB1,miR-200c",P,9
3033,"TGF-beta,GSC,TWIST1,SNAI2,miR-101,ZEB2,miR-200a,ZEB1,miR-200b",N,9
3034,"TGF-beta,GSC,TWIST1,SNAI2,miR-101,ZEB2,miR-200a,ZEB1,miR-141",P,9
3035,"TGF-beta,GSC,TWIST1,SNAI2,miR-101,ZEB2,miR-200c",N,7
3036,"TGF-beta,GSC,TWIST1,SNAI2,miR-101,ZEB2,miR-200c,ZEB1,miR-200a",P,9
3037,"TGF-beta,GSC,TWIST1,SNAI2,miR-101,ZEB2,miR-200c,ZEB1,miR-200b",N,9
3038,"TGF-beta,GSC,TWIST1,SNAI2,miR-101,ZEB2,miR-200c,ZEB1,miR-141",P,9
3039,"TGF-beta,GSC,TWIST1,SNAI2,miR-101,ZEB2,miR-200b",N,7
3040,"TGF-beta,GSC,TWIST1,SNAI2,miR-101,ZEB2,miR-200b,ZEB1,miR-200a",N,9
3041,"TGF-beta,GSC,TWIST1,SNAI2,miR-101,ZEB2,miR-200b,ZEB1,miR-200c",N,9
3042,"TGF-beta,GSC,TWIST1,SNAI2,miR-101,ZEB2,miR-200b,ZEB1,miR-141",N,9
3043,"TGF-beta,GSC,TWIST1,SNAI2,miR-101,ZEB1,miR-200a",N,7
3044,"TGF-beta,GSC,TWIST1,SNAI2,miR-101,ZEB1,miR-200a,ZEB2,miR-200c",P,9
3045,"TGF-beta,GSC,TWIST1,SNAI2,miR-101,ZEB1,miR-200a,ZEB2,miR-200b",P,9
3046,"TGF-beta,GSC,TWIST1,SNAI2,miR-101,ZEB1,miR-200c",N,7
3047,"TGF-beta,GSC,TWIST1,SNAI2,miR-101,ZEB1,miR-200c,ZEB2,miR-200a",P,9
3048,"TGF-beta,GSC,TWIST1,SNAI2,miR-101,ZEB1,miR-200c,ZEB2,miR-200b",P,9
3049,"TGF-beta,GSC,TWIST1,SNAI2,miR-101,ZEB1,miR-200b",P,7
3050,"TGF-beta,GSC,TWIST1,SNAI2,miR-101,ZEB1,miR-200b,ZEB2,miR-200a",N,9
3051,"TGF-beta,GSC,TWIST1,SNAI2,miR-101,ZEB1,miR-200b,ZEB2,miR-200c",N,9
3052,"TGF-beta,GSC,TWIST1,SNAI2,miR-101,ZEB1,miR-141",N,7
3053,"TGF-beta,GSC,TWIST1,SNAI2,miR-101,ZEB1,miR-141,ZEB2,miR-200a",N,9
3054,"TGF-beta,GSC,TWIST1,SNAI2,miR-101,ZEB1,miR-141,ZEB2,miR-200c",N,9
3055,"TGF-beta,GSC,TWIST1,SNAI2,miR-101,ZEB1,miR-141,ZEB2,miR-200b",N,9
3056,"TGF-beta,GSC,TWIST1,SNAI2,TWIST2,ZEB2,miR-200a",N,7
3057,"TGF-beta,GSC,TWIST1,SNAI2,TWIST2,ZEB2,miR-200a,ZEB1,miR-200c",P,9
3058,"TGF-beta,GSC,TWIST1,SNAI2,TWIST2,ZEB2,miR-200a,ZEB1,miR-200b",N,9
3059,"TGF-beta,GSC,TWIST1,SNAI2,TWIST2,ZEB2,miR-200a,ZEB1,miR-141",P,9
3060,"TGF-beta,GSC,TWIST1,SNAI2,TWIST2,ZEB2,miR-200c",N,7
3061,"TGF-beta,GSC,TWIST1,SNAI2,TWIST2,ZEB2,miR-200c,ZEB1,miR-200a",P,9
3062,"TGF-beta,GSC,TWIST1,SNAI2,TWIST2,ZEB2,miR-200c,ZEB1,miR-200b",N,9
3063,"TGF-beta,GSC,TWIST1,SNAI2,TWIST2,ZEB2,miR-200c,ZEB1,miR-141",P,9
3064,"TGF-beta,GSC,TWIST1,SNAI2,TWIST2,ZEB2,miR-200b",N,7
3065,"TGF-beta,GSC,TWIST1,SNAI2,TWIST2,ZEB2,miR-200b,ZEB1,miR-200a",N,9
3066,"TGF-beta,GSC,TWIST1,SNAI2,TWIST2,ZEB2,miR-200b,ZEB1,miR-200c",N,9
3067,"TGF-beta,GSC,TWIST1,SNAI2,TWIST2,ZEB2,miR-200b,ZEB1,miR-141",N,9
3068,"TGF-beta,GSC,TWIST1,SNAI2,TWIST2,ZEB1,miR-200a",N,7
3069,"TGF-beta,GSC,TWIST1,SNAI2,TWIST2,ZEB1,miR-200a,ZEB2,miR-200c",P,9
3070,"TGF-beta,GSC,TWIST1,SNAI2,TWIST2,ZEB1,miR-200a,ZEB2,miR-200b",P,9
3071,"TGF-beta,GSC,TWIST1,SNAI2,TWIST2,ZEB1,miR-200c",N,7
3072,"TGF-beta,GSC,TWIST1,SNAI2,TWIST2,ZEB1,miR-200c,ZEB2,miR-200a",P,9
3073,"TGF-beta,GSC,TWIST1,SNAI2,TWIST2,ZEB1,miR-200c,ZEB2,miR-200b",P,9
3074,"TGF-beta,GSC,TWIST1,SNAI2,TWIST2,ZEB1,miR-200b",P,7
3075,"TGF-beta,GSC,TWIST1,SNAI2,TWIST2,ZEB1,miR-200b,ZEB2,miR-200a",N,9
3076,"TGF-beta,GSC,TWIST1,SNAI2,TWIST2,ZEB1,miR-200b,ZEB2,miR-200c",N,9
3077,"TGF-beta,GSC,TWIST1,SNAI2,TWIST2,ZEB1,miR-141",N,7
3078,"TGF-beta,GSC,TWIST1,SNAI2,TWIST2,ZEB1,miR-141,ZEB2,miR-200a",N,9
3079,"TGF-beta,GSC,TWIST1,SNAI2,TWIST2,ZEB1,miR-141,ZEB2,miR-200c",N,9
3080,"TGF-beta,GSC,TWIST1,SNAI2,TWIST2,ZEB1,miR-141,ZEB2,miR-200b",N,9
3081,"TGF-beta,GSC,TWIST1,FOXC2,ZEB1,miR-200a",P,6
3082,"TGF-beta,GSC,TWIST1,FOXC2,ZEB1,miR-200a,ZEB2,miR-200c",N,8
3083,"TGF-beta,GSC,TWIST1,FOXC2,ZEB1,miR-200a,ZEB2,miR-200b",N,8
3084,"TGF-beta,GSC,TWIST1,FOXC2,ZEB1,miR-200c",P,6
3085,"TGF-beta,GSC,TWIST1,FOXC2,ZEB1,miR-200c,ZEB2,miR-200a",N,8
3086,"TGF-beta,GSC,TWIST1,FOXC2,ZEB1,miR-200c,ZEB2,miR-200b",N,8
3087,"TGF-beta,GSC,TWIST1,FOXC2,ZEB1,miR-200b",N,6
3088,"TGF-beta,GSC,TWIST1,FOXC2,ZEB1,miR-200b,ZEB2,miR-200a",P,8
3089,"TGF-beta,GSC,TWIST1,FOXC2,ZEB1,miR-200b,ZEB2,miR-200c",P,8
3090,"TGF-beta,GSC,TWIST1,FOXC2,ZEB1,miR-141",P,6
3091,"TGF-beta,GSC,TWIST1,FOXC2,ZEB1,miR-141,ZEB2,miR-200a",P,8
3092,"TGF-beta,GSC,TWIST1,FOXC2,ZEB1,miR-141,ZEB2,miR-200c",P,8
3093,"TGF-beta,GSC,TWIST1,FOXC2,ZEB1,miR-141,ZEB2,miR-200b",P,8
3094,"TWIST1,SNAI2,TWIST2",P,3
3095,"SNAI2,TWIST2",N,2
3096,"miR-141,ZEB2,miR-200a,ZEB1",N,4
3097,"miR-141,ZEB2,miR-200c,ZEB1",N,4
3098,"miR-141,ZEB2,miR-200b,ZEB1",P,4
3099,"miR-141,ZEB1",N,2
3100,"ZEB1,miR-200a,ZEB2,miR-200c",P,4
3101,"ZEB1,miR-200a,ZEB2,miR-200b",N,4
3102,"ZEB1,miR-200a",N,2
3103,"ZEB1,miR-200c,ZEB2,miR-200a",P,4
3104,"ZEB1,miR-200c,ZEB2,miR-200b",N,4
3105,"ZEB1,miR-200c",N,2
3106,"ZEB1,miR-200b,ZEB2,miR-200a",N,4
3107,"ZEB1,miR-200b,ZEB2,miR-200c",N,4
3108,"ZEB1,miR-200b",N,2
3109,"miR-200b,ZEB2",N,2
3110,"miR-200a,ZEB2",N,2
3111,"ZEB2,miR-200c",N,2
